3.3333333333333335, both scoutcom, [1.0, 3.3333333333333335, 8.0, 6]
6.533333333333333, 1 top, [1.0, 6.533333333333333, 18.0, 15]
7.285714285714286, top-five, [2.0, 7.285714285714286, 16.0, 7]
7.666666666666667, herschel, [4.0, 7.666666666666667, 12.0, 6]
7.666666666666667, herschel walker, [4.0, 7.666666666666667, 12.0, 6]
10.333333333333334, register all-orange, [5.0, 10.333333333333334, 21.0, 6]
14.0, lineman mvp, [7.0, 14.0, 28.0, 6]
16.0, all-scc, [16.0, 16.0, 16.0, 6]
16.0, tri-city, [16.0, 16.0, 16.0, 6]
16.5, him over, [3.0, 16.5, 38.0, 6]
17.0, grandview, [17.0, 17.0, 17.0, 6]
17.166666666666668, losses two, [5.0, 17.166666666666668, 44.0, 6]
17.666666666666668, all-metro team, [11.0, 17.666666666666668, 25.0, 6]
17.666666666666668, second-team all-cif, [5.0, 17.666666666666668, 27.0, 6]
18.166666666666668, his drop, [1.0, 18.166666666666668, 75.0, 6]
18.333333333333332, practices leading, [7.0, 18.333333333333332, 39.0, 6]
18.428571428571427, shore, [6.0, 18.428571428571427, 27.0, 7]
18.666666666666668, 15 cal-hi, [7.0, 18.666666666666668, 28.0, 6]
18.666666666666668, all-state all-cif, [7.0, 18.666666666666668, 28.0, 6]
18.666666666666668, county first-team, [5.0, 18.666666666666668, 30.0, 6]
18.666666666666668, news hot, [7.0, 18.666666666666668, 28.0, 6]
19.0, day 1, [8.0, 19.0, 36.0, 6]
21.0, division vi, [21.0, 21.0, 21.0, 6]
21.0, marcos, [21.0, 21.0, 21.0, 6]
21.0, san marcos, [21.0, 21.0, 21.0, 6]
23.333333333333332, side-step, [3.0, 23.333333333333332, 64.0, 6]
23.333333333333332, top linebacker, [2.0, 23.333333333333332, 48.0, 6]
24.0, mobile register's, [4.0, 24.0, 44.0, 6]
24.0, register's, [4.0, 24.0, 44.0, 6]
25.166666666666668, hurdler, [2.0, 25.166666666666668, 48.0, 6]
25.22222222222222, south jersey, [18.0, 25.22222222222222, 83.0, 9]
25.666666666666668, all-inland, [7.0, 25.666666666666668, 63.0, 6]
25.666666666666668, all-inland empire, [7.0, 25.666666666666668, 63.0, 6]
25.666666666666668, times all-inland, [7.0, 25.666666666666668, 63.0, 6]
25.833333333333332, 456, [6.0, 25.833333333333332, 72.0, 6]
28.785714285714285, all-american recognition, [1.0, 28.785714285714285, 71.0, 14]
29.0, lemming top, [9.0, 29.0, 48.0, 10]
29.833333333333332, first-team squads, [21.0, 29.833333333333332, 39.0, 6]
32.57142857142857, cross-face, [6.0, 32.57142857142857, 78.0, 7]
33.333333333333336, sean taylor, [25.0, 33.333333333333336, 51.0, 6]
34.333333333333336, prep's elite, [8.0, 34.333333333333336, 72.0, 6]
34.44444444444444, sanders, [5.0, 34.44444444444444, 64.0, 9]
34.57142857142857, second-best overall, [18.0, 34.57142857142857, 70.0, 7]
36.0, baltimore sun, [11.0, 36.0, 80.0, 12]
36.666666666666664, best prospect, [2.0, 36.666666666666664, 75.0, 6]
37.0, ankle flexion, [8.0, 37.0, 69.0, 7]
37.333333333333336, when disengaging, [8.0, 37.333333333333336, 74.0, 6]
37.55555555555556, vi, [21.0, 37.55555555555556, 89.0, 9]
37.833333333333336, defensive newcomer, [12.0, 37.833333333333336, 86.0, 6]
38.0, bull-rusher, [3.0, 38.0, 67.0, 6]
38.333333333333336, all-midwest honors, [1.0, 38.333333333333336, 67.0, 6]
38.5, listed second, [5.0, 38.5, 78.0, 6]
38.857142857142854, tennis, [5.0, 38.857142857142854, 77.0, 7]
39.857142857142854, elite defensive, [18.0, 39.857142857142854, 67.0, 7]
40.666666666666664, five-star rating, [8.0, 40.666666666666664, 57.0, 6]
41.0, fort wayne, [41.0, 41.0, 41.0, 7]
42.0, before losing, [1.0, 42.0, 75.0, 7]
42.0, talented youngster, [12.0, 42.0, 78.0, 6]
43.42857142857143, elite foot, [12.0, 43.42857142857143, 82.0, 7]
45.0, kif, [45.0, 45.0, 45.0, 6]
45.833333333333336, tackles 4, [17.0, 45.833333333333336, 87.0, 6]
46.833333333333336, through double, [21.0, 46.833333333333336, 86.0, 6]
47.666666666666664, federation, [45.0, 47.666666666666664, 49.0, 6]
47.666666666666664, interscholastic federation, [45.0, 47.666666666666664, 49.0, 6]
47.833333333333336, 1994, [2.0, 47.833333333333336, 71.0, 6]
47.833333333333336, nation's defensive, [24.0, 47.833333333333336, 88.0, 6]
49.333333333333336, union super, [11.0, 49.333333333333336, 77.0, 6]
49.5, rare-sized frame, [19.0, 49.5, 76.0, 8]
51.666666666666664, recruiting report, [16.0, 51.666666666666664, 82.0, 6]
52.0, times union, [11.0, 52.0, 77.0, 8]
52.5, 2003: underwent, [17.0, 52.5, 73.0, 6]
52.857142857142854, bends his, [16.0, 52.857142857142854, 77.0, 7]
53.0, fumble returns, [25.0, 53.0, 86.0, 7]
53.666666666666664, gets high, [25.0, 53.666666666666664, 82.0, 6]
54.0, all-metro north, [54.0, 54.0, 54.0, 6]
54.333333333333336, bit raw, [20.0, 54.333333333333336, 83.0, 6]
54.6, 100 players, [24.0, 54.6, 86.0, 10]
54.833333333333336, upfield quickly, [33.0, 54.833333333333336, 97.0, 6]
56.142857142857146, 440, [30.0, 56.142857142857146, 99.0, 7]
57.0, i just, [26.0, 57.0, 93.0, 12]
57.888888888888886, pool, [22.0, 57.888888888888886, 82.0, 9]
58.0, strong-side cornerback, [16.0, 58.0, 86.0, 7]
58.142857142857146, guard's, [12.0, 58.142857142857146, 81.0, 7]
58.333333333333336, entry junior, [24.0, 58.333333333333336, 96.0, 6]
58.666666666666664, uw, [38.0, 58.666666666666664, 100.0, 6]
59.75, collision-type, [25.0, 59.75, 90.0, 8]
61.0, florida game, [29.0, 61.0, 97.0, 6]
62.166666666666664, coach's decision, [24.0, 62.166666666666664, 79.0, 6]
62.625, 47 passes, [36.0, 62.625, 102.0, 8]
62.666666666666664, mercury, [36.0, 62.666666666666664, 101.0, 6]
63.0, 700 yards, [48.0, 63.0, 82.0, 6]
64.0, mobile register, [23.0, 64.0, 92.0, 6]
64.5, suffered broken, [26.0, 64.5, 77.0, 6]
65.66666666666667, all-broward, [63.0, 65.66666666666667, 71.0, 6]
65.66666666666667, all-dade, [60.0, 65.66666666666667, 81.0, 6]
65.66666666666667, all-dade county, [60.0, 65.66666666666667, 81.0, 6]
65.66666666666667, florida times, [60.0, 65.66666666666667, 77.0, 6]
66.66666666666667, short side, [23.0, 66.66666666666667, 96.0, 6]
67.83333333333333, complete player, [34.0, 67.83333333333333, 104.0, 6]
68.33333333333333, time there, [41.0, 68.33333333333333, 107.0, 6]
68.83333333333333, more catches, [29.0, 68.83333333333333, 91.0, 6]
69.33333333333333, 234, [53.0, 69.33333333333333, 86.0, 6]
69.9, 13 scores, [42.0, 69.9, 98.0, 10]
71.5, dominated his, [39.0, 71.5, 89.0, 6]
72.57142857142857, 4 1/2, [50.0, 72.57142857142857, 118.0, 7]
72.66666666666667, county selection, [57.0, 72.66666666666667, 97.0, 6]
74.0, posluszny, [74.0, 74.0, 74.0, 9]
74.33333333333333, 850 yards, [68.0, 74.33333333333333, 81.0, 6]
74.83333333333333, norfolk, [66.0, 74.83333333333333, 119.0, 6]
75.42857142857143, wrist surgery, [53.0, 75.42857142857143, 110.0, 7]
77.16666666666667, converted receiver, [58.0, 77.16666666666667, 110.0, 6]
79.83333333333333, ability --name--, [50.0, 79.83333333333333, 124.0, 6]
80.42857142857143, 850, [68.0, 80.42857142857143, 117.0, 7]
82.0, brent, [46.0, 82.0, 116.0, 7]
82.33333333333333, stay off, [52.0, 82.33333333333333, 113.0, 6]
83.83333333333333, school track, [50.0, 83.83333333333333, 124.0, 6]
84.83333333333333, underwent shoulder, [73.0, 84.83333333333333, 114.0, 6]
86.0, buffalo grove, [86.0, 86.0, 86.0, 6]
86.57142857142857, area player, [54.0, 86.57142857142857, 126.0, 7]
86.66666666666667, honolulu advertiser, [52.0, 86.66666666666667, 104.0, 6]
87.57142857142857, scores vs, [73.0, 87.57142857142857, 97.0, 7]
88.66666666666667, 32nd, [48.0, 88.66666666666667, 103.0, 6]
91.33333333333333, news daily, [72.0, 91.33333333333333, 118.0, 6]
92.0, global junior, [58.0, 92.0, 113.0, 7]
94.57142857142857, helped himself, [63.0, 94.57142857142857, 132.0, 7]
95.57142857142857, graham, [59.0, 95.57142857142857, 121.0, 7]
97.33333333333333, nelson, [60.0, 97.33333333333333, 119.0, 6]
102.5, fibula fracture, [71.0, 102.5, 130.0, 8]
102.66666666666667, daily press, [72.0, 102.66666666666667, 118.0, 6]
102.66666666666667, press all-star, [72.0, 102.66666666666667, 118.0, 6]
103.16666666666667, or fluid, [60.0, 103.16666666666667, 131.0, 6]
105.57142857142857, leg fracture, [60.0, 105.57142857142857, 128.0, 7]
108.0, 400-, [79.0, 108.0, 128.0, 6]
108.0, southwest, [78.0, 108.0, 144.0, 12]
108.83333333333333, 18 solos, [79.0, 108.83333333333333, 146.0, 6]
109.0, been his, [76.0, 109.0, 141.0, 6]
110.16666666666667, registered 11, [69.0, 110.16666666666667, 143.0, 6]
110.83333333333333, demon deacons, [96.0, 110.83333333333333, 118.0, 6]
111.0, scout round, [84.0, 111.0, 140.0, 6]
111.57142857142857, beaumont, [105.0, 111.57142857142857, 121.0, 7]
112.33333333333333, wrist fracture, [76.0, 112.33333333333333, 137.0, 6]
113.0, cabrillo, [113.0, 113.0, 113.0, 6]
113.0, cabrillo college, [113.0, 113.0, 113.0, 6]
113.0, ontario, [113.0, 113.0, 113.0, 9]
114.33333333333333, evangel christian, [69.0, 114.33333333333333, 137.0, 6]
117.57142857142857, evangel, [69.0, 117.57142857142857, 137.0, 7]
117.66666666666667, hillsborough, [97.0, 117.66666666666667, 159.0, 6]
117.66666666666667, hillsborough county, [97.0, 117.66666666666667, 159.0, 6]
120.83333333333333, works team, [98.0, 120.83333333333333, 147.0, 6]
120.88888888888889, lg, [89.0, 120.88888888888889, 143.0, 9]
121.0, college all-american, [90.0, 121.0, 142.0, 6]
125.0, sidbury, [125.0, 125.0, 125.0, 10]
125.875, 575, [91.0, 125.875, 151.0, 8]
127.83333333333333, scored 12, [88.0, 127.83333333333333, 151.0, 6]
129.16666666666666, games there, [86.0, 129.16666666666666, 159.0, 6]
129.66666666666666, interior defenders, [97.0, 129.66666666666666, 157.0, 6]
130.0, rummel, [120.0, 130.0, 135.0, 6]
135.33333333333334, senior leading, [92.0, 135.33333333333334, 158.0, 6]
135.83333333333334, while getting, [112.0, 135.83333333333334, 170.0, 6]
136.66666666666666, region ii, [123.0, 136.66666666666666, 164.0, 6]
137.33333333333334, subpar, [119.0, 137.33333333333334, 181.0, 6]
140.25, adding all-area, [131.0, 140.25, 151.0, 8]
140.66666666666666, adding all-conference, [115.0, 140.66666666666666, 171.0, 6]
143.875, all-caa, [114.0, 143.875, 171.0, 8]
146.0, kiski, [146.0, 146.0, 146.0, 8]
146.0, kiski area, [146.0, 146.0, 146.0, 6]
146.85714285714286, while throwing, [137.0, 146.85714285714286, 160.0, 7]
150.33333333333334, better timing, [115.0, 150.33333333333334, 186.0, 6]
151.0, "class, [127.0, 151.0, 198.0, 6]
151.0, all-district recognition, [151.0, 151.0, 151.0, 6]
151.0, commonwealth", [127.0, 151.0, 198.0, 6]
151.16666666666666, 705, [122.0, 151.16666666666666, 176.0, 6]
156.0, playaction, [132.0, 156.0, 189.0, 6]
157.66666666666666, downed, [142.0, 157.66666666666666, 168.0, 6]
157.66666666666666, downed inside, [142.0, 157.66666666666666, 168.0, 6]
160.57142857142858, lisfranc, [113.0, 160.57142857142858, 185.0, 7]
161.16666666666666, southern conference, [142.0, 161.16666666666666, 177.0, 6]
162.14285714285714, guy award, [142.0, 162.14285714285714, 179.0, 7]
162.875, ray guy, [142.0, 162.875, 179.0, 8]
163.75, net average, [142.0, 163.75, 168.0, 8]
166.28571428571428, 58 touchdowns, [136.0, 166.28571428571428, 202.0, 7]
169.16666666666666, mary's, [139.0, 169.16666666666666, 179.0, 6]
173.33333333333334, uprights, [166.0, 173.33333333333334, 177.0, 6]
175.33333333333334, decision-maker, [152.0, 175.33333333333334, 209.0, 6]
181.0, three-time all-region, [161.0, 181.0, 216.0, 6]
183.42857142857142, earned all-league, [162.0, 183.42857142857142, 204.0, 7]
184.0, yosemite, [184.0, 184.0, 184.0, 6]
184.0, yosemite league, [184.0, 184.0, 184.0, 6]
185.0, hartnell, [164.0, 185.0, 227.0, 6]
191.5, meter relay, [166.0, 191.5, 227.0, 6]
201.66666666666666, play'-action, [183.0, 201.66666666666666, 222.0, 6]
206.5, distance average, [178.0, 206.5, 235.0, 8]
207.375, fair catches, [168.0, 207.375, 235.0, 8]
209.0, moines register, [188.0, 209.0, 237.0, 6]
214.0, des, [188.0, 214.0, 244.0, 7]
214.0, des moines, [188.0, 214.0, 244.0, 7]
214.0, moines, [188.0, 214.0, 244.0, 7]
232.0, misc:, [205.0, 232.0, 256.0, 6]
236.8, weber, [204.0, 236.8, 248.0, 10]
248.0, weber said, [248.0, 248.0, 248.0, 7]
