3.3333333333333335, both scoutcom, [1.0, 3.3333333333333335, 8.0, 6]
6.533333333333333, 1 top, [1.0, 6.533333333333333, 18.0, 15]
7.285714285714286, top-five, [2.0, 7.285714285714286, 16.0, 7]
7.666666666666667, herschel, [4.0, 7.666666666666667, 12.0, 6]
7.666666666666667, herschel walker, [4.0, 7.666666666666667, 12.0, 6]
10.333333333333334, register all-orange, [5.0, 10.333333333333334, 21.0, 6]
14.0, lineman mvp, [7.0, 14.0, 28.0, 6]
16.0, all-scc, [16.0, 16.0, 16.0, 6]
16.0, aurora, [16.0, 16.0, 16.0, 5]
16.0, tri-city, [16.0, 16.0, 16.0, 6]
17.0, grandview, [17.0, 17.0, 17.0, 6]
17.4, 1 --name--, [9.0, 17.4, 33.0, 5]
17.666666666666668, all-metro team, [11.0, 17.666666666666668, 25.0, 6]
17.666666666666668, second-team all-cif, [5.0, 17.666666666666668, 27.0, 6]
18.428571428571427, shore, [6.0, 18.428571428571427, 27.0, 7]
18.666666666666668, 15 cal-hi, [7.0, 18.666666666666668, 28.0, 6]
18.666666666666668, all-state all-cif, [7.0, 18.666666666666668, 28.0, 6]
18.666666666666668, news hot, [7.0, 18.666666666666668, 28.0, 6]
21.0, division vi, [21.0, 21.0, 21.0, 6]
21.0, marcos, [21.0, 21.0, 21.0, 6]
21.0, san marcos, [21.0, 21.0, 21.0, 6]
28.0, included seven, [24.0, 28.0, 32.0, 5]
29.833333333333332, first-team squads, [21.0, 29.833333333333332, 39.0, 6]
32.0, 13-1 record, [22.0, 32.0, 42.0, 5]
41.0, fort wayne, [41.0, 41.0, 41.0, 7]
45.0, kauai, [45.0, 45.0, 45.0, 5]
45.0, kif, [45.0, 45.0, 45.0, 6]
45.8, named usa, [38.0, 45.8, 56.0, 5]
47.666666666666664, federation, [45.0, 47.666666666666664, 49.0, 6]
47.666666666666664, interscholastic federation, [45.0, 47.666666666666664, 49.0, 6]
48.4, cu, [45.0, 48.4, 62.0, 5]
52.2, 'big, [49.0, 52.2, 65.0, 5]
54.0, all-metro north, [54.0, 54.0, 54.0, 6]
57.0, stabbed, [57.0, 57.0, 57.0, 5]
58.4, interceptions nine, [43.0, 58.4, 64.0, 5]
65.66666666666667, all-broward, [63.0, 65.66666666666667, 71.0, 6]
65.66666666666667, all-dade, [60.0, 65.66666666666667, 81.0, 6]
65.66666666666667, all-dade county, [60.0, 65.66666666666667, 81.0, 6]
65.66666666666667, florida times, [60.0, 65.66666666666667, 77.0, 6]
66.0, delaware state, [66.0, 66.0, 66.0, 5]
66.0, norfolk state, [66.0, 66.0, 66.0, 5]
66.4, edsall, [63.0, 66.4, 80.0, 5]
74.0, posluszny, [74.0, 74.0, 74.0, 9]
74.0, strath, [74.0, 74.0, 74.0, 5]
74.0, strath haven, [74.0, 74.0, 74.0, 5]
74.33333333333333, 850 yards, [68.0, 74.33333333333333, 81.0, 6]
86.0, buffalo grove, [86.0, 86.0, 86.0, 6]
87.57142857142857, scores vs, [73.0, 87.57142857142857, 97.0, 7]
93.0, derrick williams, [91.0, 93.0, 101.0, 5]
102.2, 1600-meter, [99.0, 102.2, 106.0, 5]
102.2, 1600-meter relays, [99.0, 102.2, 106.0, 5]
110.83333333333333, demon deacons, [96.0, 110.83333333333333, 118.0, 6]
111.57142857142857, beaumont, [105.0, 111.57142857142857, 121.0, 7]
113.0, cabrillo, [113.0, 113.0, 113.0, 6]
113.0, cabrillo college, [113.0, 113.0, 113.0, 6]
113.0, ontario, [113.0, 113.0, 113.0, 9]
113.8, deacons, [102.0, 113.8, 118.0, 5]
125.0, sidbury, [125.0, 125.0, 125.0, 10]
130.0, rummel, [120.0, 130.0, 135.0, 6]
140.25, adding all-area, [131.0, 140.25, 151.0, 8]
146.0, kiski, [146.0, 146.0, 146.0, 8]
146.0, kiski area, [146.0, 146.0, 146.0, 6]
146.85714285714286, while throwing, [137.0, 146.85714285714286, 160.0, 7]
151.0, all-district recognition, [151.0, 151.0, 151.0, 6]
151.4, 3 prospect, [143.0, 151.4, 159.0, 5]
167.2, kickoff specialist, [161.0, 167.2, 177.0, 5]
173.33333333333334, uprights, [166.0, 173.33333333333334, 177.0, 6]
184.0, yosemite, [184.0, 184.0, 184.0, 6]
184.0, yosemite league, [184.0, 184.0, 184.0, 6]
193.6, honorary, [180.0, 193.6, 197.0, 5]
193.6, honorary captain, [180.0, 193.6, 197.0, 5]
224.0, chabot, [224.0, 224.0, 224.0, 5]
242.4, comments, [236.0, 242.4, 244.0, 5]
248.0, weber said, [248.0, 248.0, 248.0, 7]
250.0, lynchburg, [250.0, 250.0, 250.0, 5]
