3.3333333333333335, both scoutcom, [1.0, 3.3333333333333335, 8.0, 6]
6.533333333333333, 1 top, [1.0, 6.533333333333333, 18.0, 15]
7.285714285714286, top-five, [2.0, 7.285714285714286, 16.0, 7]
7.666666666666667, herschel, [4.0, 7.666666666666667, 12.0, 6]
7.666666666666667, herschel walker, [4.0, 7.666666666666667, 12.0, 6]
10.333333333333334, register all-orange, [5.0, 10.333333333333334, 21.0, 6]
14.0, lineman mvp, [7.0, 14.0, 28.0, 6]
16.0, all-scc, [16.0, 16.0, 16.0, 6]
16.0, tri-city, [16.0, 16.0, 16.0, 6]
16.5, him over, [3.0, 16.5, 38.0, 6]
17.0, grandview, [17.0, 17.0, 17.0, 6]
17.166666666666668, losses two, [5.0, 17.166666666666668, 44.0, 6]
17.666666666666668, all-metro team, [11.0, 17.666666666666668, 25.0, 6]
17.666666666666668, second-team all-cif, [5.0, 17.666666666666668, 27.0, 6]
18.333333333333332, practices leading, [7.0, 18.333333333333332, 39.0, 6]
18.428571428571427, shore, [6.0, 18.428571428571427, 27.0, 7]
18.666666666666668, 15 cal-hi, [7.0, 18.666666666666668, 28.0, 6]
18.666666666666668, all-state all-cif, [7.0, 18.666666666666668, 28.0, 6]
18.666666666666668, county first-team, [5.0, 18.666666666666668, 30.0, 6]
18.666666666666668, news hot, [7.0, 18.666666666666668, 28.0, 6]
19.0, day 1, [8.0, 19.0, 36.0, 6]
21.0, division vi, [21.0, 21.0, 21.0, 6]
21.0, marcos, [21.0, 21.0, 21.0, 6]
21.0, san marcos, [21.0, 21.0, 21.0, 6]
23.333333333333332, top linebacker, [2.0, 23.333333333333332, 48.0, 6]
24.0, mobile register's, [4.0, 24.0, 44.0, 6]
24.0, register's, [4.0, 24.0, 44.0, 6]
25.166666666666668, hurdler, [2.0, 25.166666666666668, 48.0, 6]
29.0, lemming top, [9.0, 29.0, 48.0, 10]
29.833333333333332, first-team squads, [21.0, 29.833333333333332, 39.0, 6]
33.333333333333336, sean taylor, [25.0, 33.333333333333336, 51.0, 6]
39.857142857142854, elite defensive, [18.0, 39.857142857142854, 67.0, 7]
40.666666666666664, five-star rating, [8.0, 40.666666666666664, 57.0, 6]
41.0, fort wayne, [41.0, 41.0, 41.0, 7]
45.0, kif, [45.0, 45.0, 45.0, 6]
47.666666666666664, federation, [45.0, 47.666666666666664, 49.0, 6]
47.666666666666664, interscholastic federation, [45.0, 47.666666666666664, 49.0, 6]
54.0, all-metro north, [54.0, 54.0, 54.0, 6]
63.0, 700 yards, [48.0, 63.0, 82.0, 6]
65.66666666666667, all-broward, [63.0, 65.66666666666667, 71.0, 6]
65.66666666666667, all-dade, [60.0, 65.66666666666667, 81.0, 6]
65.66666666666667, all-dade county, [60.0, 65.66666666666667, 81.0, 6]
65.66666666666667, florida times, [60.0, 65.66666666666667, 77.0, 6]
69.33333333333333, 234, [53.0, 69.33333333333333, 86.0, 6]
72.66666666666667, county selection, [57.0, 72.66666666666667, 97.0, 6]
74.0, posluszny, [74.0, 74.0, 74.0, 9]
74.33333333333333, 850 yards, [68.0, 74.33333333333333, 81.0, 6]
80.42857142857143, 850, [68.0, 80.42857142857143, 117.0, 7]
84.83333333333333, underwent shoulder, [73.0, 84.83333333333333, 114.0, 6]
86.0, buffalo grove, [86.0, 86.0, 86.0, 6]
87.57142857142857, scores vs, [73.0, 87.57142857142857, 97.0, 7]
91.33333333333333, news daily, [72.0, 91.33333333333333, 118.0, 6]
102.66666666666667, daily press, [72.0, 102.66666666666667, 118.0, 6]
102.66666666666667, press all-star, [72.0, 102.66666666666667, 118.0, 6]
108.0, 400-, [79.0, 108.0, 128.0, 6]
110.83333333333333, demon deacons, [96.0, 110.83333333333333, 118.0, 6]
111.57142857142857, beaumont, [105.0, 111.57142857142857, 121.0, 7]
113.0, cabrillo, [113.0, 113.0, 113.0, 6]
113.0, cabrillo college, [113.0, 113.0, 113.0, 6]
113.0, ontario, [113.0, 113.0, 113.0, 9]
120.83333333333333, works team, [98.0, 120.83333333333333, 147.0, 6]
125.0, sidbury, [125.0, 125.0, 125.0, 10]
130.0, rummel, [120.0, 130.0, 135.0, 6]
136.66666666666666, region ii, [123.0, 136.66666666666666, 164.0, 6]
140.25, adding all-area, [131.0, 140.25, 151.0, 8]
146.0, kiski, [146.0, 146.0, 146.0, 8]
146.0, kiski area, [146.0, 146.0, 146.0, 6]
146.85714285714286, while throwing, [137.0, 146.85714285714286, 160.0, 7]
151.0, all-district recognition, [151.0, 151.0, 151.0, 6]
157.66666666666666, downed, [142.0, 157.66666666666666, 168.0, 6]
157.66666666666666, downed inside, [142.0, 157.66666666666666, 168.0, 6]
161.16666666666666, southern conference, [142.0, 161.16666666666666, 177.0, 6]
162.14285714285714, guy award, [142.0, 162.14285714285714, 179.0, 7]
162.875, ray guy, [142.0, 162.875, 179.0, 8]
163.75, net average, [142.0, 163.75, 168.0, 8]
169.16666666666666, mary's, [139.0, 169.16666666666666, 179.0, 6]
173.33333333333334, uprights, [166.0, 173.33333333333334, 177.0, 6]
183.42857142857142, earned all-league, [162.0, 183.42857142857142, 204.0, 7]
184.0, yosemite, [184.0, 184.0, 184.0, 6]
184.0, yosemite league, [184.0, 184.0, 184.0, 6]
201.66666666666666, play'-action, [183.0, 201.66666666666666, 222.0, 6]
209.0, moines register, [188.0, 209.0, 237.0, 6]
236.8, weber, [204.0, 236.8, 248.0, 10]
248.0, weber said, [248.0, 248.0, 248.0, 7]
