2.0, all-central virginia, [2.0, 2.0, 2.0, 4]
2.0, first-team all-central, [2.0, 2.0, 2.0, 4]
2.0, virginia defensive, [2.0, 2.0, 2.0, 4]
2.5, report rated, [1.0, 2.5, 4.0, 4]
3.0, all-south choice, [2.0, 3.0, 4.0, 4]
3.0, news top, [2.0, 3.0, 4.0, 4]
3.0, top-five pick, [2.0, 3.0, 4.0, 4]
3.0, year ea, [1.0, 3.0, 5.0, 4]
3.3333333333333335, both scoutcom, [1.0, 3.3333333333333335, 8.0, 6]
5.0, all-american player, [5.0, 5.0, 5.0, 4]
5.0, all-south coast, [5.0, 5.0, 5.0, 4]
5.0, margarita, [5.0, 5.0, 5.0, 4]
5.0, santa margarita, [5.0, 5.0, 5.0, 4]
6.0, 40-inch, [5.0, 6.0, 7.0, 4]
6.0, 40-inch vertical, [5.0, 6.0, 7.0, 4]
6.533333333333333, 1 top, [1.0, 6.533333333333333, 18.0, 15]
7.0, 2005 state, [1.0, 7.0, 13.0, 4]
7.0, mcdonogh, [7.0, 7.0, 7.0, 4]
7.285714285714286, top-five, [2.0, 7.285714285714286, 16.0, 7]
7.666666666666667, herschel, [4.0, 7.666666666666667, 12.0, 6]
7.666666666666667, herschel walker, [4.0, 7.666666666666667, 12.0, 6]
9.0, 11 camp, [1.0, 9.0, 17.0, 4]
10.0, prospect ranking, [10.0, 10.0, 10.0, 4]
10.333333333333334, register all-orange, [5.0, 10.333333333333334, 21.0, 6]
10.5, alignment but, [2.0, 10.5, 28.0, 4]
11.0, shifts, [1.0, 11.0, 22.0, 4]
11.0, ware county, [11.0, 11.0, 11.0, 4]
11.0, william penn, [3.0, 11.0, 19.0, 4]
12.0, 90%, [1.0, 12.0, 23.0, 4]
12.0, grading over, [1.0, 12.0, 23.0, 4]
12.0, over 90%, [1.0, 12.0, 23.0, 4]
12.0, prototypical left, [6.0, 12.0, 23.0, 4]
12.0, shore up, [6.0, 12.0, 19.0, 4]
12.8, franchise quarterback, [1.0, 12.8, 57.0, 5]
13.0, times all-orange, [5.0, 13.0, 21.0, 4]
13.0, underclass second-team, [5.0, 13.0, 21.0, 4]
13.5, 226 yards, [4.0, 13.5, 42.0, 4]
13.5, d'brickashaw, [8.0, 13.5, 24.0, 4]
13.5, undisputed, [4.0, 13.5, 18.0, 4]
14.0, all-usa team, [13.0, 14.0, 15.0, 4]
14.0, lineman mvp, [7.0, 14.0, 28.0, 6]
14.0, numerous recruiting, [8.0, 14.0, 20.0, 4]
14.0, register's super, [4.0, 14.0, 24.0, 4]
14.5, scrimmage adding, [4.0, 14.5, 24.0, 4]
15.0, height strength, [1.0, 15.0, 34.0, 4]
15.0, honors vs, [14.0, 15.0, 17.0, 4]
15.0, star's top, [13.0, 15.0, 17.0, 4]
15.5, howie, [2.0, 15.5, 20.0, 4]
15.5, third-best overall, [12.0, 15.5, 19.0, 4]
15.6, cavaliers, [2.0, 15.6, 45.0, 5]
16.0, all-scc, [16.0, 16.0, 16.0, 6]
16.0, all-scc aurora, [16.0, 16.0, 16.0, 4]
16.0, aurora, [16.0, 16.0, 16.0, 5]
16.0, aurora beacon-news, [16.0, 16.0, 16.0, 4]
16.0, beacon-news, [16.0, 16.0, 16.0, 4]
16.0, beacon-news all-area, [16.0, 16.0, 16.0, 4]
16.0, daily herald, [16.0, 16.0, 16.0, 4]
16.0, herald tri-city, [16.0, 16.0, 16.0, 4]
16.0, ten offensive, [1.0, 16.0, 58.0, 5]
16.0, tri-city, [16.0, 16.0, 16.0, 6]
16.0, tri-city all-area, [16.0, 16.0, 16.0, 4]
16.5, carolina shrine, [4.0, 16.5, 29.0, 4]
16.5, him over, [3.0, 16.5, 38.0, 6]
17.0, athletic coaches, [11.0, 17.0, 23.0, 4]
17.0, class iv, [17.0, 17.0, 17.0, 4]
17.0, grandview, [17.0, 17.0, 17.0, 6]
17.166666666666668, losses two, [5.0, 17.166666666666668, 44.0, 6]
17.4, 1 --name--, [9.0, 17.4, 33.0, 5]
17.5, sacks plus, [7.0, 17.5, 28.0, 4]
17.5, underclass all-cif, [7.0, 17.5, 28.0, 4]
17.666666666666668, all-metro team, [11.0, 17.666666666666668, 25.0, 6]
17.666666666666668, second-team all-cif, [5.0, 17.666666666666668, 27.0, 6]
17.8, booty, [5.0, 17.8, 69.0, 5]
18.0, jersey touchdown, [18.0, 18.0, 18.0, 4]
18.0, lifter, [3.0, 18.0, 24.0, 4]
18.166666666666668, his drop, [1.0, 18.166666666666668, 75.0, 6]
18.25, costly fumbles, [11.0, 18.25, 23.0, 4]
18.333333333333332, practices leading, [7.0, 18.333333333333332, 39.0, 6]
18.428571428571427, shore, [6.0, 18.428571428571427, 27.0, 7]
18.666666666666668, 15 cal-hi, [7.0, 18.666666666666668, 28.0, 6]
18.666666666666668, all-state all-cif, [7.0, 18.666666666666668, 28.0, 6]
18.666666666666668, county first-team, [5.0, 18.666666666666668, 30.0, 6]
18.666666666666668, news hot, [7.0, 18.666666666666668, 28.0, 6]
19.0, 2002 while, [10.0, 19.0, 28.0, 4]
19.0, day 1, [8.0, 19.0, 36.0, 6]
19.0, highly disruptive, [1.0, 19.0, 53.0, 4]
19.0, steals per, [19.0, 19.0, 19.0, 4]
19.25, convinced him, [15.0, 19.25, 28.0, 4]
19.25, tone tight, [2.0, 19.25, 30.0, 4]
19.5, consistently finish, [4.0, 19.5, 32.0, 4]
19.75, earn unanimous, [1.0, 19.75, 41.0, 4]
19.75, eli, [1.0, 19.75, 68.0, 4]
20.0, 12th-best offensive, [1.0, 20.0, 39.0, 4]
20.0, area defensive, [11.0, 20.0, 29.0, 4]
20.25, or punt, [7.0, 20.25, 41.0, 4]
20.5, caught 58, [19.0, 20.5, 22.0, 4]
20.5, named area, [11.0, 20.5, 30.0, 4]
20.6, natural running, [4.0, 20.6, 34.0, 5]
21.0, averaged 20, [7.0, 21.0, 32.0, 4]
21.0, division vi, [21.0, 21.0, 21.0, 6]
21.0, marcos, [21.0, 21.0, 21.0, 6]
21.0, san marcos, [21.0, 21.0, 21.0, 6]
21.0, vi los, [21.0, 21.0, 21.0, 4]
21.25, last long, [6.0, 21.25, 42.0, 4]
21.25, mcfarland, [13.0, 21.25, 24.0, 4]
21.4, no issues, [1.0, 21.4, 61.0, 5]
22.0, first-round selection, [8.0, 22.0, 40.0, 4]
22.0, landstown, [22.0, 22.0, 22.0, 4]
22.0, pac-10 defensive, [7.0, 22.0, 27.0, 4]
22.0, trainers, [22.0, 22.0, 22.0, 4]
22.25, offense since, [1.0, 22.25, 75.0, 4]
22.5, elite prospect, [3.0, 22.5, 41.0, 4]
23.0, briarcrest, [23.0, 23.0, 23.0, 4]
23.0, improved strength, [6.0, 23.0, 39.0, 4]
23.0, regional title, [11.0, 23.0, 35.0, 4]
23.0, sore hamstring, [5.0, 23.0, 41.0, 4]
23.25, also willing, [3.0, 23.25, 62.0, 4]
23.25, innate feel, [4.0, 23.25, 39.0, 4]
23.333333333333332, side-step, [3.0, 23.333333333333332, 64.0, 6]
23.333333333333332, top linebacker, [2.0, 23.333333333333332, 48.0, 6]
23.4, 2013 nfl, [10.0, 23.4, 47.0, 5]
23.5, encourage, [2.0, 23.5, 38.0, 4]
23.5, some have, [3.0, 23.5, 44.0, 4]
23.5, which rated, [23.0, 23.5, 24.0, 4]
24.0, mobile register's, [4.0, 24.0, 44.0, 6]
24.0, register's, [4.0, 24.0, 44.0, 6]
24.0, team lemming, [9.0, 24.0, 39.0, 4]
24.2, albert, [8.0, 24.2, 77.0, 5]
24.25, choice finished, [2.0, 24.25, 69.0, 4]
24.5, 100 tom, [21.0, 24.5, 28.0, 4]
24.5, star student, [21.0, 24.5, 28.0, 4]
24.75, or attacking, [9.0, 24.75, 43.0, 4]
24.75, peters, [2.0, 24.75, 59.0, 4]
25.0, dciaa, [25.0, 25.0, 25.0, 4]
25.0, dunbar, [25.0, 25.0, 25.0, 4]
25.166666666666668, hurdler, [2.0, 25.166666666666668, 48.0, 6]
25.2, all-sec notice, [6.0, 25.2, 69.0, 5]
25.2, fourth-best prospect, [7.0, 25.2, 54.0, 5]
25.22222222222222, south jersey, [18.0, 25.22222222222222, 83.0, 9]
25.25, acc defensive, [8.0, 25.25, 50.0, 4]
25.5, best cornerbacks, [9.0, 25.5, 61.0, 4]
25.5, extra burst, [4.0, 25.5, 78.0, 4]
25.666666666666668, all-inland, [7.0, 25.666666666666668, 63.0, 6]
25.666666666666668, all-inland empire, [7.0, 25.666666666666668, 63.0, 6]
25.666666666666668, times all-inland, [7.0, 25.666666666666668, 63.0, 6]
25.833333333333332, 456, [6.0, 25.833333333333332, 72.0, 6]
26.2, fifth-best season, [8.0, 26.2, 53.0, 5]
26.5, --name-- established, [19.0, 26.5, 39.0, 4]
26.5, always keep, [6.0, 26.5, 50.0, 4]
26.5, baseball teams, [3.0, 26.5, 56.0, 4]
26.5, report scoutcom, [15.0, 26.5, 38.0, 4]
26.5, some off-the-field, [20.0, 26.5, 44.0, 4]
26.5, team ap, [7.0, 26.5, 53.0, 4]
26.75, challenged him, [2.0, 26.75, 54.0, 4]
26.75, examined, [19.0, 26.75, 37.0, 4]
27.25, bowl 1/01/07, [4.0, 27.25, 51.0, 4]
27.25, cbs, [20.0, 27.25, 47.0, 4]
27.5, history --name--, [7.0, 27.5, 54.0, 4]
27.5, newman, [16.0, 27.5, 42.0, 4]
27.5, per rushing, [7.0, 27.5, 74.0, 4]
27.6, consensus freshman, [4.0, 27.6, 44.0, 5]
27.75, moniker, [6.0, 27.75, 64.0, 4]
27.75, strong athletic, [2.0, 27.75, 72.0, 4]
28.0, 11th-best defensive, [6.0, 28.0, 50.0, 4]
28.0, bone chip, [15.0, 28.0, 55.0, 4]
28.0, four quarters, [17.0, 28.0, 45.0, 5]
28.0, included seven, [24.0, 28.0, 32.0, 5]
28.0, inglewood, [28.0, 28.0, 28.0, 4]
28.0, newspaper's, [4.0, 28.0, 52.0, 4]
28.0, up all-league, [28.0, 28.0, 28.0, 4]
28.0, yourself, [28.0, 28.0, 28.0, 4]
28.25, feet get, [11.0, 28.25, 66.0, 4]
28.785714285714285, all-american recognition, [1.0, 28.785714285714285, 71.0, 14]
29.0, lemming top, [9.0, 29.0, 48.0, 10]
29.0, recorded 120, [15.0, 29.0, 43.0, 4]
29.0, run-after-the-catch, [4.0, 29.0, 44.0, 4]
29.25, 14 scores, [17.0, 29.25, 44.0, 4]
29.25, thick powerful, [14.0, 29.25, 43.0, 4]
29.5, 1000 all-purpose, [25.0, 29.5, 34.0, 4]
29.6, american athletic, [3.0, 29.6, 69.0, 5]
29.75, 123 yards, [4.0, 29.75, 69.0, 4]
29.75, fending, [9.0, 29.75, 50.0, 4]
29.75, rare ability, [6.0, 29.75, 77.0, 4]
29.833333333333332, first-team squads, [21.0, 29.833333333333332, 39.0, 6]
30.0, extremely important, [2.0, 30.0, 76.0, 4]
30.0, third-best defensive, [8.0, 30.0, 52.0, 4]
30.75, complaining, [4.0, 30.75, 76.0, 4]
30.75, his competitive, [4.0, 30.75, 54.0, 4]
31.25, 3-4 right, [9.0, 31.25, 50.0, 4]
31.25, breakups including, [25.0, 31.25, 45.0, 4]
31.25, pursuit skills, [9.0, 31.25, 71.0, 4]
31.5, 112 tackles, [18.0, 31.5, 47.0, 4]
31.5, slump, [28.0, 31.5, 37.0, 4]
31.6, overall talent, [6.0, 31.6, 46.0, 5]
31.75, also starting, [15.0, 31.75, 41.0, 4]
31.75, lacking ideal, [1.0, 31.75, 57.0, 4]
31.75, unimpeded, [8.0, 31.75, 58.0, 4]
32.0, 1000 career, [23.0, 32.0, 41.0, 4]
32.0, 13-1 record, [22.0, 32.0, 42.0, 5]
32.0, overall ball, [8.0, 32.0, 64.0, 4]
32.0, rumpf, [32.0, 32.0, 32.0, 4]
32.2, screw, [10.0, 32.2, 55.0, 5]
32.2, spurning, [20.0, 32.2, 47.0, 5]
32.4, disruptive penetrating, [13.0, 32.4, 57.0, 5]
32.5, 19 points, [19.0, 32.5, 46.0, 4]
32.5, mat, [21.0, 32.5, 67.0, 4]
32.5, oversized, [20.0, 32.5, 49.0, 4]
32.57142857142857, cross-face, [6.0, 32.57142857142857, 78.0, 7]
33.0, pac-10 conference's, [21.0, 33.0, 51.0, 4]
33.25, thirteen games, [8.0, 33.25, 57.0, 4]
33.333333333333336, sean taylor, [25.0, 33.333333333333336, 51.0, 6]
33.4, all-sec team, [6.0, 33.4, 65.0, 5]
33.5, lemming rated, [18.0, 33.5, 49.0, 4]
33.5, post all-metro, [25.0, 33.5, 42.0, 4]
33.5, predicts, [14.0, 33.5, 53.0, 4]
33.5, six-yard, [8.0, 33.5, 81.0, 4]
33.75, 117-yard, [2.0, 33.75, 73.0, 4]
33.75, seen if, [15.0, 33.75, 75.0, 4]
34.0, little upright, [18.0, 34.0, 61.0, 4]
34.0, twitch athlete, [11.0, 34.0, 79.0, 4]
34.25, his obvious, [16.0, 34.25, 55.0, 4]
34.25, times against, [15.0, 34.25, 71.0, 4]
34.333333333333336, prep's elite, [8.0, 34.333333333333336, 72.0, 6]
34.4, failure, [13.0, 34.4, 70.0, 5]
34.44444444444444, sanders, [5.0, 34.44444444444444, 64.0, 9]
34.5, isolated blockers, [5.0, 34.5, 72.0, 4]
34.57142857142857, second-best overall, [18.0, 34.57142857142857, 70.0, 7]
34.75, 61 solos, [4.0, 34.75, 59.0, 4]
34.75, double-catches, [20.0, 34.75, 61.0, 4]
34.75, good alertness, [7.0, 34.75, 63.0, 4]
34.8, 1992, [9.0, 34.8, 56.0, 5]
35.0, picking his, [12.0, 35.0, 62.0, 4]
35.2, lowe's, [21.0, 35.2, 50.0, 5]
35.2, lowe's senior, [21.0, 35.2, 50.0, 5]
35.25, fatigue, [5.0, 35.25, 65.0, 4]
35.25, pushed him, [3.0, 35.25, 72.0, 4]
35.25, spurning scholarship, [23.0, 35.25, 47.0, 4]
35.4, piscataway, [14.0, 35.4, 64.0, 5]
35.5, losing 25, [3.0, 35.5, 58.0, 4]
35.5, over clemson, [8.0, 35.5, 73.0, 4]
35.75, r, [1.0, 35.75, 55.0, 4]
36.0, baltimore sun, [11.0, 36.0, 80.0, 12]
36.0, flint hills, [36.0, 36.0, 36.0, 4]
36.0, hills player, [36.0, 36.0, 36.0, 4]
36.0, top playmakers, [15.0, 36.0, 72.0, 4]
36.2, 2011 played, [15.0, 36.2, 53.0, 5]
36.2, 2012 nfl, [9.0, 36.2, 77.0, 5]
36.25, 118 catches, [34.0, 36.25, 39.0, 4]
36.25, barry sanders, [15.0, 36.25, 64.0, 4]
36.25, werner, [25.0, 36.25, 40.0, 4]
36.4, cardinals', [12.0, 36.4, 73.0, 5]
36.4, east high, [1.0, 36.4, 62.0, 5]
36.5, long touchdown, [20.0, 36.5, 60.0, 4]
36.5, minnesota class, [35.0, 36.5, 38.0, 4]
36.666666666666664, best prospect, [2.0, 36.666666666666664, 75.0, 6]
36.75, fumbles during, [6.0, 36.75, 70.0, 4]
36.75, scoring 11, [13.0, 36.75, 74.0, 4]
36.8, competitive athlete, [14.0, 36.8, 64.0, 5]
37.0, agility along, [8.0, 37.0, 70.0, 4]
37.0, ankle flexion, [8.0, 37.0, 69.0, 7]
37.0, houston choice, [13.0, 37.0, 61.0, 4]
37.25, ryans, [37.0, 37.25, 38.0, 4]
37.333333333333336, when disengaging, [8.0, 37.333333333333336, 74.0, 6]
37.4, terrance, [22.0, 37.4, 52.0, 5]
37.5, can counter, [3.0, 37.5, 74.0, 4]
37.5, chino, [7.0, 37.5, 68.0, 4]
37.5, encouraged, [5.0, 37.5, 55.0, 4]
37.5, gold medals, [22.0, 37.5, 53.0, 4]
37.5, louis rams, [20.0, 37.5, 68.0, 4]
37.5, medals, [22.0, 37.5, 53.0, 4]
37.5, push when, [18.0, 37.5, 49.0, 4]
37.5, safety wide, [33.0, 37.5, 42.0, 4]
37.5, tackles 54, [27.0, 37.5, 59.0, 4]
37.55555555555556, vi, [21.0, 37.55555555555556, 89.0, 9]
37.8, 50/50 throws, [18.0, 37.8, 58.0, 5]
37.833333333333336, defensive newcomer, [12.0, 37.833333333333336, 86.0, 6]
38.0, bull-rusher, [3.0, 38.0, 67.0, 6]
38.0, eureka, [38.0, 38.0, 38.0, 4]
38.0, four interception, [4.0, 38.0, 74.0, 4]
38.0, garfield, [31.0, 38.0, 45.0, 4]
38.0, second-leading tackler, [34.0, 38.0, 42.0, 4]
38.0, second-team big, [8.0, 38.0, 80.0, 5]
38.0, three-time all-conference, [38.0, 38.0, 38.0, 4]
38.333333333333336, all-midwest honors, [1.0, 38.333333333333336, 67.0, 6]
38.5, 19th-best, [22.0, 38.5, 55.0, 4]
38.5, listed second, [5.0, 38.5, 78.0, 6]
38.5, slaton, [22.0, 38.5, 44.0, 4]
38.5, steve slaton, [22.0, 38.5, 44.0, 4]
38.6, last past, [21.0, 38.6, 65.0, 5]
38.75, osu's, [31.0, 38.75, 57.0, 4]
38.857142857142854, tennis, [5.0, 38.857142857142854, 77.0, 7]
39.0, 21 scores, [23.0, 39.0, 55.0, 4]
39.0, wasn't going, [26.0, 39.0, 62.0, 4]
39.25, sacks 12, [8.0, 39.25, 66.0, 4]
39.4, --name-- more, [2.0, 39.4, 62.0, 5]
39.5, excellent awareness, [13.0, 39.5, 70.0, 4]
39.5, impressive power, [8.0, 39.5, 55.0, 4]
39.75, jar offensive, [31.0, 39.75, 53.0, 4]
39.75, operates out, [2.0, 39.75, 75.0, 4]
39.857142857142854, elite defensive, [18.0, 39.857142857142854, 67.0, 7]
40.0, shoulder pads, [5.0, 40.0, 65.0, 4]
40.0, who picks, [25.0, 40.0, 55.0, 4]
40.25, making big, [11.0, 40.25, 75.0, 4]
40.666666666666664, five-star rating, [8.0, 40.666666666666664, 57.0, 6]
40.75, deflections while, [2.0, 40.75, 57.0, 4]
40.75, pick added, [9.0, 40.75, 54.0, 4]
40.8, around corner, [8.0, 40.8, 79.0, 5]
41.0, broward, [41.0, 41.0, 41.0, 4]
41.0, broward county, [41.0, 41.0, 41.0, 4]
41.0, fort wayne, [41.0, 41.0, 41.0, 7]
41.0, great top-end, [10.0, 41.0, 64.0, 5]
41.0, snap especially, [13.0, 41.0, 65.0, 4]
41.25, randy moss, [14.0, 41.25, 59.0, 4]
41.25, shocked, [12.0, 41.25, 69.0, 4]
41.25, some attitude, [7.0, 41.25, 65.0, 4]
41.5, 1331, [38.0, 41.5, 45.0, 4]
41.5, all-south jersey, [18.0, 41.5, 65.0, 4]
41.5, good mauler, [21.0, 41.5, 65.0, 4]
41.5, offense ranked, [17.0, 41.5, 65.0, 4]
41.6, or defensive, [18.0, 41.6, 65.0, 5]
41.75, 1488, [26.0, 41.75, 53.0, 4]
41.75, 1488 yards, [26.0, 41.75, 53.0, 4]
41.8, running threat, [8.0, 41.8, 57.0, 5]
42.0, before losing, [1.0, 42.0, 75.0, 7]
42.0, eight-yard, [6.0, 42.0, 75.0, 4]
42.0, gives consistent, [16.0, 42.0, 66.0, 4]
42.0, kirkwood, [19.0, 42.0, 65.0, 4]
42.0, talented youngster, [12.0, 42.0, 78.0, 6]
42.25, glenn davis, [22.0, 42.25, 49.0, 4]
42.5, 10-member, [38.0, 42.5, 47.0, 4]
42.5, 10-member super, [38.0, 42.5, 47.0, 4]
42.5, always finds, [18.0, 42.5, 71.0, 4]
42.5, minneapolis star-tribune, [38.0, 42.5, 47.0, 4]
42.5, star-tribune, [38.0, 42.5, 47.0, 4]
42.6, popping, [7.0, 42.6, 77.0, 5]
42.75, 62 receptions, [21.0, 42.75, 69.0, 4]
42.75, hustles down, [16.0, 42.75, 57.0, 4]
42.75, impermissible, [13.0, 42.75, 77.0, 4]
43.0, play style, [14.0, 43.0, 84.0, 4]
43.0, receiving super, [15.0, 43.0, 71.0, 4]
43.0, should go, [7.0, 43.0, 70.0, 5]
43.25, 30 years, [5.0, 43.25, 73.0, 4]
43.42857142857143, elite foot, [12.0, 43.42857142857143, 82.0, 7]
43.5, 37 interceptions, [3.0, 43.5, 57.0, 4]
43.5, out-leverage, [14.0, 43.5, 82.0, 4]
43.5, state while, [42.0, 43.5, 48.0, 4]
43.6, too content, [19.0, 43.6, 85.0, 5]
43.75, paperwork, [15.0, 43.75, 77.0, 4]
43.8, also appeared, [26.0, 43.8, 61.0, 5]
44.0, 1989, [15.0, 44.0, 74.0, 4]
44.0, averaging 15, [26.0, 44.0, 62.0, 4]
44.0, daphne, [44.0, 44.0, 44.0, 4]
44.25, had 61, [20.0, 44.25, 91.0, 4]
44.25, huskies', [27.0, 44.25, 63.0, 4]
44.25, quarters but, [17.0, 44.25, 67.0, 4]
44.5, ten defensive, [3.0, 44.5, 75.0, 4]
44.75, after play, [29.0, 44.75, 77.0, 4]
45.0, "leo", [6.0, 45.0, 71.0, 5]
45.0, kauai, [45.0, 45.0, 45.0, 5]
45.0, kif, [45.0, 45.0, 45.0, 6]
45.0, miss", [12.0, 45.0, 73.0, 5]
45.0, recorded 111, [9.0, 45.0, 81.0, 4]
45.0, stay glued, [18.0, 45.0, 81.0, 4]
45.5, against play-action, [25.0, 45.5, 96.0, 4]
45.6, team's second-leading, [34.0, 45.6, 76.0, 5]
45.75, entire 2010, [26.0, 45.75, 59.0, 4]
45.75, three inches, [9.0, 45.75, 75.0, 4]
45.8, 1-2 top, [20.0, 45.8, 83.0, 5]
45.8, named usa, [38.0, 45.8, 56.0, 5]
45.833333333333336, tackles 4, [17.0, 45.833333333333336, 87.0, 6]
46.0, 25 contests, [13.0, 46.0, 62.0, 5]
46.0, cornerback earning, [20.0, 46.0, 90.0, 4]
46.4, 24 receptions, [20.0, 46.4, 76.0, 5]
46.4, godfrey, [17.0, 46.4, 66.0, 5]
46.5, 142 tackles, [28.0, 46.5, 68.0, 4]
46.5, strength athleticism, [7.0, 46.5, 74.0, 4]
46.5, tar heel, [29.0, 46.5, 83.0, 4]
46.6, back surgery, [23.0, 46.6, 58.0, 5]
46.75, 1000-yard rusher, [4.0, 46.75, 73.0, 4]
46.75, 660 yards, [22.0, 46.75, 68.0, 4]
46.833333333333336, through double, [21.0, 46.833333333333336, 86.0, 6]
47.0, 613, [34.0, 47.0, 62.0, 4]
47.0, all-state teams, [23.0, 47.0, 71.0, 4]
47.0, his wrestling, [47.0, 47.0, 47.0, 4]
47.0, more valuable, [25.0, 47.0, 88.0, 4]
47.25, comparing him, [28.0, 47.25, 85.0, 4]
47.25, start six, [16.0, 47.25, 76.0, 4]
47.4, knocked around, [24.0, 47.4, 89.0, 5]
47.4, school wrestler, [27.0, 47.4, 72.0, 5]
47.4, tackles 51, [32.0, 47.4, 92.0, 5]
47.5, 28 contests, [19.0, 47.5, 88.0, 4]
47.6, settle underneath, [30.0, 47.6, 73.0, 5]
47.666666666666664, federation, [45.0, 47.666666666666664, 49.0, 6]
47.666666666666664, interscholastic federation, [45.0, 47.666666666666664, 49.0, 6]
47.75, often relies, [29.0, 47.75, 70.0, 4]
47.833333333333336, 1994, [2.0, 47.833333333333336, 71.0, 6]
47.833333333333336, nation's defensive, [24.0, 47.833333333333336, 88.0, 6]
48.0, hand extension, [24.0, 48.0, 66.0, 5]
48.2, caused some, [17.0, 48.2, 90.0, 5]
48.2, quarterback sack, [14.0, 48.2, 77.0, 5]
48.25, 2013 played, [29.0, 48.25, 76.0, 4]
48.25, 34 times, [24.0, 48.25, 90.0, 4]
48.4, --name--s, [21.0, 48.4, 79.0, 5]
48.4, cu, [45.0, 48.4, 62.0, 5]
48.4, under tackle, [9.0, 48.4, 82.0, 5]
48.5, likely land, [27.0, 48.5, 78.0, 4]
48.5, maxwell football, [23.0, 48.5, 74.0, 4]
48.5, way but, [18.0, 48.5, 77.0, 4]
48.75, abdomen good, [33.0, 48.75, 68.0, 4]
48.75, power into, [18.0, 48.75, 71.0, 4]
49.0, island interscholastic, [49.0, 49.0, 49.0, 4]
49.0, overcoming, [22.0, 49.0, 76.0, 4]
49.25, coaching candidate, [25.0, 49.25, 68.0, 4]
49.333333333333336, union super, [11.0, 49.333333333333336, 77.0, 6]
49.5, defined calves, [30.0, 49.5, 68.0, 4]
49.5, not set, [26.0, 49.5, 98.0, 4]
49.5, rare-sized frame, [19.0, 49.5, 76.0, 8]
49.6, gap integrity, [24.0, 49.6, 91.0, 5]
49.75, larry johnson, [13.0, 49.75, 82.0, 4]
49.75, most polished, [28.0, 49.75, 65.0, 4]
49.8, 440 yards, [30.0, 49.8, 82.0, 5]
49.8, corona, [13.0, 49.8, 59.0, 5]
50.0, 1834, [50.0, 50.0, 50.0, 4]
50.0, into football, [6.0, 50.0, 76.0, 4]
50.0, looks comfortable, [24.0, 50.0, 75.0, 4]
50.0, receiver award, [30.0, 50.0, 70.0, 4]
50.2, against both, [25.0, 50.2, 77.0, 5]
50.2, freshman rushing, [4.0, 50.2, 73.0, 5]
50.4, against receivers, [20.0, 50.4, 62.0, 5]
50.5, all-group, [18.0, 50.5, 83.0, 4]
50.75, jackson round, [28.0, 50.75, 90.0, 4]
51.0, 23 points, [41.0, 51.0, 61.0, 4]
51.0, 33 solo, [25.0, 51.0, 82.0, 4]
51.0, career while, [38.0, 51.0, 91.0, 5]
51.0, or athletic, [40.0, 51.0, 75.0, 4]
51.2, state oklahoma, [10.0, 51.2, 82.0, 5]
51.25, adequate when, [20.0, 51.25, 91.0, 4]
51.25, impressive combination, [24.0, 51.25, 74.0, 4]
51.5, earning kentucky, [47.0, 51.5, 56.0, 4]
51.5, nation's 11th-best, [50.0, 51.5, 53.0, 4]
51.5, proper placement, [15.0, 51.5, 76.0, 4]
51.5, still likely, [26.0, 51.5, 83.0, 4]
51.5, touchdowns this, [24.0, 51.5, 75.0, 4]
51.666666666666664, recruiting report, [16.0, 51.666666666666664, 82.0, 6]
51.75, round because, [36.0, 51.75, 85.0, 4]
51.8, nfl-quality, [22.0, 51.8, 74.0, 5]
52.0, dade-broward all-star, [41.0, 52.0, 63.0, 4]
52.0, times union, [11.0, 52.0, 77.0, 8]
52.0, when standing, [16.0, 52.0, 81.0, 5]
52.2, 'big, [49.0, 52.2, 65.0, 5]
52.2, gambler, [25.0, 52.2, 84.0, 5]
52.5, 2003: underwent, [17.0, 52.5, 73.0, 6]
52.75, english, [17.0, 52.75, 78.0, 4]
52.75, up in-line, [35.0, 52.75, 68.0, 4]
52.8, 62-yard, [30.0, 52.8, 73.0, 5]
52.857142857142854, bends his, [16.0, 52.857142857142854, 77.0, 7]
53.0, all-far, [21.0, 53.0, 85.0, 4]
53.0, all-far west, [21.0, 53.0, 85.0, 4]
53.0, attained, [23.0, 53.0, 75.0, 4]
53.0, fumble returns, [25.0, 53.0, 86.0, 7]
53.0, season adding, [32.0, 53.0, 74.0, 4]
53.0, texas 4a, [53.0, 53.0, 53.0, 4]
53.0, vicious, [17.0, 53.0, 89.0, 4]
53.25, before coming, [37.0, 53.25, 59.0, 4]
53.25, lacks premier, [21.0, 53.25, 84.0, 4]
53.6, 142-yard, [41.0, 53.6, 80.0, 5]
53.6, yards 142-yard, [41.0, 53.6, 80.0, 5]
53.666666666666664, gets high, [25.0, 53.666666666666664, 82.0, 6]
53.75, 32 contests, [20.0, 53.75, 89.0, 4]
53.75, accelerating out, [33.0, 53.75, 97.0, 4]
53.8, collision-type tackler, [25.0, 53.8, 90.0, 5]
54.0, all-metro north, [54.0, 54.0, 54.0, 6]
54.0, interception against, [22.0, 54.0, 79.0, 4]
54.0, keyshawn, [41.0, 54.0, 87.0, 4]
54.0, receivers behind, [31.0, 54.0, 71.0, 4]
54.0, third-team class, [54.0, 54.0, 54.0, 4]
54.0, west", [49.0, 54.0, 59.0, 4]
54.2, underwent right, [28.0, 54.2, 90.0, 5]
54.333333333333336, bit raw, [20.0, 54.333333333333336, 83.0, 6]
54.5, football during, [40.0, 54.5, 77.0, 4]
54.5, redirect receivers, [10.0, 54.5, 80.0, 4]
54.6, 100 players, [24.0, 54.6, 86.0, 10]
54.8, declined, [29.0, 54.8, 103.0, 5]
54.833333333333336, upfield quickly, [33.0, 54.833333333333336, 97.0, 6]
55.0, added team, [55.0, 55.0, 55.0, 4]
55.0, when failing, [22.0, 55.0, 84.0, 4]
55.25, questions surrounding, [24.0, 55.25, 91.0, 4]
55.5, crowd does, [30.0, 55.5, 82.0, 4]
55.5, prep magazine, [34.0, 55.5, 77.0, 4]
55.6, record-breaking, [27.0, 55.6, 89.0, 5]
55.75, hard all, [32.0, 55.75, 104.0, 4]
56.0, attacks gaps, [30.0, 56.0, 84.0, 4]
56.0, midlands region, [37.0, 56.0, 75.0, 4]
56.142857142857146, 440, [30.0, 56.142857142857146, 99.0, 7]
56.25, athletic player, [25.0, 56.25, 84.0, 4]
56.25, range or, [33.0, 56.25, 87.0, 4]
56.5, adidas, [56.0, 56.5, 57.0, 4]
56.5, blocking three, [28.0, 56.5, 98.0, 4]
56.6, club's, [23.0, 56.6, 74.0, 5]
56.75, fact --name--, [38.0, 56.75, 93.0, 4]
56.75, slide back, [12.0, 56.75, 85.0, 4]
56.75, subject, [23.0, 56.75, 82.0, 4]
56.75, tennessee game, [22.0, 56.75, 85.0, 4]
57.0, about --name--'s, [21.0, 57.0, 92.0, 5]
57.0, all-berks, [57.0, 57.0, 57.0, 4]
57.0, all-berks county, [57.0, 57.0, 57.0, 4]
57.0, both super, [42.0, 57.0, 72.0, 4]
57.0, first-team all-berks, [57.0, 57.0, 57.0, 4]
57.0, i just, [26.0, 57.0, 93.0, 12]
57.0, stabbed, [57.0, 57.0, 57.0, 5]
57.25, late coming, [29.0, 57.25, 85.0, 4]
57.5, 120 squad, [23.0, 57.5, 92.0, 4]
57.5, westfield, [42.0, 57.5, 73.0, 4]
57.888888888888886, pool, [22.0, 57.888888888888886, 82.0, 9]
58.0, all-league recognition, [28.0, 58.0, 88.0, 4]
58.0, coby, [35.0, 58.0, 81.0, 4]
58.0, large number, [29.0, 58.0, 84.0, 4]
58.0, prep's all-dixie, [24.0, 58.0, 92.0, 4]
58.0, speed can, [17.0, 58.0, 88.0, 4]
58.0, strong-side cornerback, [16.0, 58.0, 86.0, 7]
58.142857142857146, guard's, [12.0, 58.142857142857146, 81.0, 7]
58.25, lets some, [42.0, 58.25, 86.0, 4]
58.333333333333336, entry junior, [24.0, 58.333333333333336, 96.0, 6]
58.4, interceptions nine, [43.0, 58.4, 64.0, 5]
58.5, unfortunately --name--, [25.0, 58.5, 95.0, 4]
58.666666666666664, uw, [38.0, 58.666666666666664, 100.0, 6]
58.75, guard's edge, [12.0, 58.75, 80.0, 4]
58.75, kept --name--, [46.0, 58.75, 86.0, 4]
58.75, rip past, [24.0, 58.75, 94.0, 4]
58.75, runs past, [23.0, 58.75, 85.0, 4]
58.75, sometimes take, [30.0, 58.75, 70.0, 4]
58.75, stand-up rusher, [43.0, 58.75, 69.0, 4]
59.0, 27 catches, [21.0, 59.0, 89.0, 4]
59.0, 419, [46.0, 59.0, 74.0, 5]
59.0, average get-off, [46.0, 59.0, 84.0, 4]
59.0, uncovering, [34.0, 59.0, 91.0, 4]
59.25, 8738, [38.0, 59.25, 104.0, 4]
59.25, healed, [22.0, 59.25, 89.0, 4]
59.25, seam routes, [34.0, 59.25, 94.0, 4]
59.5, elite receiver, [30.0, 59.5, 82.0, 4]
59.75, collision-type, [25.0, 59.75, 90.0, 8]
60.0, first-team all-greater, [53.0, 60.0, 67.0, 4]
60.0, shows functional, [10.0, 60.0, 82.0, 4]
60.2, junior championships, [34.0, 60.2, 78.0, 5]
60.5, averaged 172, [36.0, 60.5, 85.0, 4]
60.5, generally shows, [14.0, 60.5, 83.0, 4]
60.75, 12/30, [35.0, 60.75, 81.0, 4]
60.75, 263 yards, [37.0, 60.75, 111.0, 4]
60.75, posted eight, [34.0, 60.75, 106.0, 4]
61.0, all-gridiron, [25.0, 61.0, 97.0, 4]
61.0, bruschi, [52.0, 61.0, 88.0, 4]
61.0, end since, [48.0, 61.0, 76.0, 4]
61.0, florida game, [29.0, 61.0, 97.0, 6]
61.2, good things, [29.0, 61.2, 97.0, 5]
61.25, redirect defenders, [26.0, 61.25, 91.0, 4]
61.6, up tackles, [39.0, 61.6, 88.0, 5]
62.0, kick-coverage units, [16.0, 62.0, 88.0, 5]
62.166666666666664, coach's decision, [24.0, 62.166666666666664, 79.0, 6]
62.5, best receivers, [26.0, 62.5, 83.0, 4]
62.625, 47 passes, [36.0, 62.625, 102.0, 8]
62.666666666666664, mercury, [36.0, 62.666666666666664, 101.0, 6]
62.75, line release, [42.0, 62.75, 85.0, 4]
63.0, 1998-2000, [40.0, 63.0, 86.0, 4]
63.0, 700 yards, [48.0, 63.0, 82.0, 6]
63.0, all-broward county, [63.0, 63.0, 63.0, 4]
63.0, clayton, [42.0, 63.0, 84.0, 4]
63.0, receiver before, [41.0, 63.0, 85.0, 4]
63.2, play cornerback, [30.0, 63.2, 98.0, 5]
63.25, 876, [42.0, 63.25, 99.0, 4]
63.25, fatigued, [49.0, 63.25, 80.0, 4]
63.5, 1029 yards, [36.0, 63.5, 91.0, 4]
63.5, 2002 state, [56.0, 63.5, 71.0, 4]
63.5, medal, [52.0, 63.5, 73.0, 4]
63.5, named first, [42.0, 63.5, 94.0, 4]
63.5, team top, [49.0, 63.5, 78.0, 4]
63.75, midseason games, [25.0, 63.75, 79.0, 4]
63.8, no reason, [35.0, 63.8, 94.0, 5]
64.0, mobile register, [23.0, 64.0, 92.0, 6]
64.2, flush, [29.0, 64.2, 93.0, 5]
64.5, 479, [11.0, 64.5, 83.0, 4]
64.5, 638, [51.0, 64.5, 98.0, 4]
64.5, suffered broken, [26.0, 64.5, 77.0, 6]
64.75, productive collegiate, [35.0, 64.75, 88.0, 4]
65.0, kaczur, [65.0, 65.0, 65.0, 4]
65.0, nfc scouting, [41.0, 65.0, 89.0, 4]
65.25, toughness against, [45.0, 65.25, 106.0, 4]
65.5, javelin, [57.0, 65.5, 74.0, 4]
65.5, world junior, [53.0, 65.5, 78.0, 4]
65.66666666666667, all-broward, [63.0, 65.66666666666667, 71.0, 6]
65.66666666666667, all-dade, [60.0, 65.66666666666667, 81.0, 6]
65.66666666666667, all-dade county, [60.0, 65.66666666666667, 81.0, 6]
65.66666666666667, florida times, [60.0, 65.66666666666667, 77.0, 6]
66.0, 19 kickoff, [42.0, 66.0, 86.0, 5]
66.0, defensive touchdown, [29.0, 66.0, 103.0, 4]
66.0, delaware state, [66.0, 66.0, 66.0, 5]
66.0, norfolk state, [66.0, 66.0, 66.0, 5]
66.0, report national, [50.0, 66.0, 82.0, 4]
66.4, edsall, [63.0, 66.4, 80.0, 5]
66.5, needs several, [48.0, 66.5, 88.0, 4]
66.66666666666667, short side, [23.0, 66.66666666666667, 96.0, 6]
66.75, 233, [34.0, 66.75, 106.0, 4]
67.0, first-team all-broward, [63.0, 67.0, 71.0, 4]
67.0, frosh, [45.0, 67.0, 89.0, 4]
67.0, have concerns, [23.0, 67.0, 86.0, 4]
67.2, ball location, [33.0, 67.2, 102.0, 5]
67.25, maintains his, [38.0, 67.25, 112.0, 4]
67.5, eighth-best prospect, [59.0, 67.5, 76.0, 4]
67.5, make-you-miss, [44.0, 67.5, 96.0, 4]
67.75, starts coming, [23.0, 67.75, 92.0, 4]
67.8, footed, [45.0, 67.8, 100.0, 5]
67.83333333333333, complete player, [34.0, 67.83333333333333, 104.0, 6]
68.25, made 47, [54.0, 68.25, 81.0, 4]
68.25, rusher rather, [36.0, 68.25, 96.0, 4]
68.33333333333333, time there, [41.0, 68.33333333333333, 107.0, 6]
68.5, interception during, [50.0, 68.5, 94.0, 4]
68.75, 1125, [41.0, 68.75, 106.0, 4]
68.75, 1125 yards, [41.0, 68.75, 106.0, 4]
68.75, hampered him, [24.0, 68.75, 97.0, 4]
68.83333333333333, more catches, [29.0, 68.83333333333333, 91.0, 6]
69.0, his sister, [43.0, 69.0, 79.0, 4]
69.0, slower blockers, [32.0, 69.0, 88.0, 5]
69.0, they try, [46.0, 69.0, 89.0, 4]
69.2, more stops, [35.0, 69.2, 106.0, 5]
69.25, any team, [24.0, 69.25, 96.0, 4]
69.25, rushing scores, [23.0, 69.25, 86.0, 4]
69.33333333333333, 234, [53.0, 69.33333333333333, 86.0, 6]
69.5, g&w, [57.0, 69.5, 82.0, 4]
69.5, g&w recruiting, [57.0, 69.5, 82.0, 4]
69.5, him can, [56.0, 69.5, 82.0, 4]
69.5, nifty spin, [47.0, 69.5, 92.0, 4]
69.75, each play, [55.0, 69.75, 88.0, 4]
69.9, 13 scores, [42.0, 69.9, 98.0, 10]
70.0, changed his, [51.0, 70.0, 94.0, 5]
70.4, 463, [45.0, 70.4, 111.0, 5]
70.5, "he's going, [23.0, 70.5, 92.0, 4]
70.5, season finishing, [43.0, 70.5, 100.0, 4]
70.6, asks, [55.0, 70.6, 105.0, 5]
70.6, while intercepting, [33.0, 70.6, 104.0, 5]
71.0, his 35, [53.0, 71.0, 121.0, 4]
71.0, lead them, [57.0, 71.0, 77.0, 4]
71.0, times leading, [37.0, 71.0, 106.0, 4]
71.4, second-level defender, [48.0, 71.4, 95.0, 5]
71.5, bead, [66.0, 71.5, 74.0, 4]
71.5, dominated his, [39.0, 71.5, 89.0, 6]
71.5, mention tacoma, [39.0, 71.5, 104.0, 4]
71.5, named gatorade, [57.0, 71.5, 86.0, 4]
71.6, mathis, [43.0, 71.6, 103.0, 5]
71.8, worn down, [49.0, 71.8, 94.0, 5]
72.0, shatter, [36.0, 72.0, 100.0, 4]
72.5, 24 points, [54.0, 72.5, 91.0, 4]
72.5, 71 stops, [42.0, 72.5, 103.0, 4]
72.5, averaging 24, [54.0, 72.5, 91.0, 4]
72.5, hips or, [51.0, 72.5, 82.0, 4]
72.5, potential liability, [43.0, 72.5, 111.0, 4]
72.57142857142857, 4 1/2, [50.0, 72.57142857142857, 118.0, 7]
72.66666666666667, county selection, [57.0, 72.66666666666667, 97.0, 6]
72.75, good", [47.0, 72.75, 99.0, 4]
73.0, ix, [56.0, 73.0, 90.0, 4]
73.0, three-time all-district, [51.0, 73.0, 101.0, 5]
73.2, him fifth, [55.0, 73.2, 106.0, 5]
73.25, thumb ligament, [56.0, 73.25, 94.0, 4]
73.5, gets tripped, [31.0, 73.5, 105.0, 4]
74.0, exploits than, [69.0, 74.0, 79.0, 4]
74.0, florida top, [71.0, 74.0, 77.0, 4]
74.0, posluszny, [74.0, 74.0, 74.0, 9]
74.0, sentinel florida, [71.0, 74.0, 77.0, 4]
74.0, strath, [74.0, 74.0, 74.0, 5]
74.0, strath haven, [74.0, 74.0, 74.0, 5]
74.33333333333333, 850 yards, [68.0, 74.33333333333333, 81.0, 6]
74.5, all-usa second-team, [52.0, 74.5, 97.0, 4]
74.5, following blocks, [53.0, 74.5, 126.0, 4]
74.5, interception five, [57.0, 74.5, 104.0, 4]
74.6, tackles 165, [20.0, 74.6, 94.0, 5]
74.75, 2 touchdowns, [29.0, 74.75, 96.0, 4]
74.75, shoulder dip, [37.0, 74.75, 99.0, 4]
74.83333333333333, norfolk, [66.0, 74.83333333333333, 119.0, 6]
75.0, who delivers, [52.0, 75.0, 121.0, 4]
75.25, auburn but, [52.0, 75.25, 97.0, 4]
75.25, positional instincts, [58.0, 75.25, 115.0, 4]
75.42857142857143, wrist surgery, [53.0, 75.42857142857143, 110.0, 7]
75.5, ankle during, [41.0, 75.5, 98.0, 4]
75.6, all 52, [42.0, 75.6, 113.0, 5]
75.8, broken bones, [59.0, 75.8, 107.0, 5]
75.8, productive performer, [52.0, 75.8, 96.0, 5]
76.0, first state, [46.0, 76.0, 106.0, 4]
76.25, game except, [39.0, 76.25, 100.0, 4]
76.8, injuries have, [56.0, 76.8, 98.0, 5]
77.0, ball best, [60.0, 77.0, 100.0, 4]
77.0, brilliant, [30.0, 77.0, 98.0, 4]
77.16666666666667, converted receiver, [58.0, 77.16666666666667, 110.0, 6]
77.5, boxer, [52.0, 77.5, 86.0, 4]
77.5, staff feels, [42.0, 77.5, 100.0, 4]
77.75, 468, [50.0, 77.75, 99.0, 4]
78.0, 100 knockdown, [49.0, 78.0, 107.0, 4]
78.0, christopher, [60.0, 78.0, 96.0, 4]
78.0, down easily, [57.0, 78.0, 117.0, 4]
78.2, caught 47, [37.0, 78.2, 102.0, 5]
78.4, quickness than, [54.0, 78.4, 99.0, 5]
78.5, 31 carries, [73.0, 78.5, 95.0, 4]
78.5, prep all-midwest, [48.0, 78.5, 109.0, 4]
78.5, progressions when, [51.0, 78.5, 103.0, 4]
78.75, nittany lions', [51.0, 78.75, 112.0, 4]
79.5, times-news, [76.0, 79.5, 83.0, 4]
79.75, there have, [44.0, 79.75, 109.0, 4]
79.8, lions', [51.0, 79.8, 112.0, 5]
79.83333333333333, ability --name--, [50.0, 79.83333333333333, 124.0, 6]
80.0, or less, [45.0, 80.0, 106.0, 5]
80.0, while deflecting, [43.0, 80.0, 117.0, 5]
80.42857142857143, 850, [68.0, 80.42857142857143, 117.0, 7]
80.5, 100", [59.0, 80.5, 102.0, 4]
80.6, rimington award, [71.0, 80.6, 107.0, 5]
80.75, 40 or, [59.0, 80.75, 91.0, 4]
80.8, his 28, [43.0, 80.8, 103.0, 5]
81.0, upfield but, [58.0, 81.0, 122.0, 5]
81.2, i saw, [47.0, 81.2, 117.0, 5]
81.75, prompting, [55.0, 81.75, 115.0, 4]
81.75, undoubtedly, [65.0, 81.75, 96.0, 4]
81.75, would just, [52.0, 81.75, 114.0, 4]
82.0, all-santa, [51.0, 82.0, 113.0, 4]
82.0, all-santa cruz, [51.0, 82.0, 113.0, 4]
82.0, back spasms, [40.0, 82.0, 105.0, 4]
82.0, brent, [46.0, 82.0, 116.0, 7]
82.0, cruz coast, [51.0, 82.0, 113.0, 4]
82.0, spasms, [40.0, 82.0, 105.0, 4]
82.25, 124 yards, [62.0, 82.25, 106.0, 4]
82.25, finished 2014, [44.0, 82.25, 118.0, 4]
82.33333333333333, stay off, [52.0, 82.33333333333333, 113.0, 6]
82.5, 100 squads, [48.0, 82.5, 117.0, 4]
82.6, field than, [60.0, 82.6, 127.0, 5]
82.8, 14 tds, [39.0, 82.8, 103.0, 5]
83.0, cummings, [83.0, 83.0, 83.0, 4]
83.0, fab 50, [57.0, 83.0, 109.0, 4]
83.0, give out, [62.0, 83.0, 99.0, 4]
83.25, placed --name--, [45.0, 83.25, 97.0, 4]
83.75, higher percentage, [53.0, 83.75, 113.0, 4]
83.83333333333333, school track, [50.0, 83.83333333333333, 124.0, 6]
84.0, 116 tackles, [67.0, 84.0, 98.0, 4]
84.25, 451, [68.0, 84.25, 121.0, 4]
84.25, no broken, [49.0, 84.25, 118.0, 4]
84.5, 8-2, [49.0, 84.5, 120.0, 4]
84.5, fourth-ranked, [52.0, 84.5, 118.0, 4]
84.5, making 45, [47.0, 84.5, 116.0, 4]
84.6, route refinement, [61.0, 84.6, 106.0, 5]
84.83333333333333, underwent shoulder, [73.0, 84.83333333333333, 114.0, 6]
85.0, small schools, [85.0, 85.0, 85.0, 4]
85.0, today first-team, [75.0, 85.0, 103.0, 5]
85.2, season came, [55.0, 85.2, 129.0, 5]
85.25, addition --name--, [46.0, 85.25, 119.0, 4]
85.5, harding, [76.0, 85.5, 95.0, 4]
85.5, sixth-best linebacker, [71.0, 85.5, 100.0, 4]
85.5, two regular, [45.0, 85.5, 113.0, 4]
85.75, but prefers, [50.0, 85.75, 122.0, 4]
85.8, either guard, [50.0, 85.8, 121.0, 5]
86.0, buffalo grove, [86.0, 86.0, 86.0, 6]
86.0, houston touchdown, [61.0, 86.0, 111.0, 4]
86.0, one thing, [61.0, 86.0, 123.0, 4]
86.5, star's dream, [78.0, 86.5, 95.0, 4]
86.57142857142857, area player, [54.0, 86.57142857142857, 126.0, 7]
86.6, pocket coming, [54.0, 86.6, 123.0, 5]
86.66666666666667, honolulu advertiser, [52.0, 86.66666666666667, 104.0, 6]
86.75, touchdowns rank, [58.0, 86.75, 128.0, 4]
87.0, best spot, [62.0, 87.0, 123.0, 4]
87.0, fracture during, [76.0, 87.0, 97.0, 4]
87.57142857142857, scores vs, [73.0, 87.57142857142857, 97.0, 7]
88.0, declaring, [64.0, 88.0, 112.0, 5]
88.0, peak, [46.0, 88.0, 110.0, 4]
88.0, things", [72.0, 88.0, 111.0, 4]
88.2, blitzer off, [50.0, 88.2, 119.0, 5]
88.25, "that's, [53.0, 88.25, 118.0, 4]
88.25, 982, [83.0, 88.25, 100.0, 4]
88.25, during august, [70.0, 88.25, 122.0, 4]
88.6, zone coverage?s, [71.0, 88.6, 111.0, 5]
88.66666666666667, 32nd, [48.0, 88.66666666666667, 103.0, 6]
89.0, 56th-best, [62.0, 89.0, 116.0, 4]
89.0, network's, [81.0, 89.0, 97.0, 4]
89.25, denver broncos, [56.0, 89.25, 122.0, 4]
89.5, geno, [56.0, 89.5, 117.0, 4]
89.75, jam receivers, [68.0, 89.75, 131.0, 4]
89.75, while amassing, [74.0, 89.75, 122.0, 4]
90.0, lowery, [90.0, 90.0, 90.0, 4]
90.25, low-risk, [84.0, 90.25, 95.0, 4]
90.5, might expect, [65.0, 90.5, 125.0, 4]
90.5, warner, [48.0, 90.5, 117.0, 4]
90.6, 506, [62.0, 90.6, 121.0, 5]
90.6, 506 yards, [62.0, 90.6, 121.0, 5]
90.75, isn?t always, [56.0, 90.75, 105.0, 4]
91.0, 520, [58.0, 91.0, 124.0, 4]
91.0, 520 yards, [58.0, 91.0, 124.0, 4]
91.0, any player, [71.0, 91.0, 110.0, 4]
91.0, football super, [61.0, 91.0, 121.0, 4]
91.25, good competitor, [42.0, 91.25, 112.0, 4]
91.33333333333333, news daily, [72.0, 91.33333333333333, 118.0, 6]
91.4, 36 receptions, [53.0, 91.4, 121.0, 5]
91.5, campaign competing, [66.0, 91.5, 117.0, 4]
91.5, position where, [61.0, 91.5, 119.0, 4]
91.75, allows receivers, [60.0, 91.75, 114.0, 4]
91.75, hands away, [54.0, 91.75, 128.0, 4]
92.0, global junior, [58.0, 92.0, 113.0, 7]
92.0, jackson's, [75.0, 92.0, 117.0, 4]
92.0, pass rushes, [58.0, 92.0, 120.0, 4]
92.2, 15 punt, [68.0, 92.2, 117.0, 5]
92.2, off-field incident, [74.0, 92.2, 100.0, 5]
92.25, norwood, [91.0, 92.25, 96.0, 4]
92.4, --name-- responded, [63.0, 92.4, 118.0, 5]
92.4, job running, [55.0, 92.4, 128.0, 5]
92.4, savvy enough, [53.0, 92.4, 116.0, 5]
93.0, derrick williams, [91.0, 93.0, 101.0, 5]
93.0, o, [84.0, 93.0, 96.0, 4]
93.0, perry walker, [84.0, 93.0, 96.0, 4]
93.0, walker high, [84.0, 93.0, 96.0, 4]
93.2, finishes runs, [71.0, 93.2, 130.0, 5]
93.5, 12th-best prospect, [76.0, 93.5, 111.0, 4]
93.5, chicago tribune, [65.0, 93.5, 137.0, 4]
93.5, enough height, [61.0, 93.5, 112.0, 4]
93.5, off contact, [69.0, 93.5, 117.0, 4]
94.0, haiti, [61.0, 94.0, 127.0, 4]
94.0, second-team all-region, [65.0, 94.0, 123.0, 4]
94.25, 323 yards, [47.0, 94.25, 112.0, 4]
94.25, all-conference teams, [83.0, 94.25, 104.0, 4]
94.25, unfortunately his, [80.0, 94.25, 130.0, 4]
94.4, paul's, [68.0, 94.4, 131.0, 5]
94.5, sibling, [74.0, 94.5, 120.0, 4]
94.57142857142857, helped himself, [63.0, 94.57142857142857, 132.0, 7]
94.8, collected 75, [68.0, 94.8, 126.0, 5]
95.0, 19th among, [88.0, 95.0, 102.0, 4]
95.0, bayou, [67.0, 95.0, 137.0, 5]
95.0, named all-league, [85.0, 95.0, 105.0, 4]
95.0, newport, [72.0, 95.0, 118.0, 4]
95.0, newport news, [72.0, 95.0, 118.0, 4]
95.0, received vhsca, [72.0, 95.0, 118.0, 4]
95.0, vhsca all-eastern, [72.0, 95.0, 118.0, 4]
95.0, wallace, [78.0, 95.0, 126.0, 4]
95.2, register super, [77.0, 95.2, 138.0, 5]
95.5, all-district second-team, [62.0, 95.5, 129.0, 4]
95.57142857142857, graham, [59.0, 95.57142857142857, 121.0, 7]
95.75, --name--'s college, [56.0, 95.75, 122.0, 4]
95.75, 156 carries, [73.0, 95.75, 130.0, 4]
96.0, 100 selection, [76.0, 96.0, 116.0, 4]
96.0, hips allow, [64.0, 96.0, 117.0, 4]
96.0, killer, [75.0, 96.0, 110.0, 4]
96.25, flowers, [76.0, 96.25, 139.0, 4]
96.5, beaten deep, [78.0, 96.5, 110.0, 4]
96.5, champion-ship, [69.0, 96.5, 136.0, 4]
96.5, wide shoulders, [87.0, 96.5, 113.0, 4]
96.75, choice during, [65.0, 96.75, 130.0, 4]
96.8, effective between, [73.0, 96.8, 123.0, 5]
97.0, all-conference all-county, [66.0, 97.0, 123.0, 5]
97.0, children's, [76.0, 97.0, 127.0, 4]
97.0, have scouts, [81.0, 97.0, 112.0, 4]
97.0, ray smith, [73.0, 97.0, 121.0, 4]
97.0, willie ray, [73.0, 97.0, 121.0, 4]
97.33333333333333, nelson, [60.0, 97.33333333333333, 119.0, 6]
97.4, want but, [76.0, 97.4, 125.0, 5]
97.5, midwest", [95.0, 97.5, 100.0, 4]
97.5, midwest" list, [95.0, 97.5, 100.0, 4]
97.75, 55 times, [59.0, 97.75, 124.0, 4]
98.0, 11-foot, [73.0, 98.0, 127.0, 4]
98.0, posted 45, [83.0, 98.0, 130.0, 4]
98.0, receiving while, [74.0, 98.0, 122.0, 4]
98.25, been questioned, [72.0, 98.25, 139.0, 4]
98.5, 32nd-best, [67.0, 98.5, 130.0, 4]
98.75, 2007 can, [77.0, 98.75, 127.0, 4]
98.75, gets taken, [86.0, 98.75, 115.0, 4]
99.0, all-cif defensive, [99.0, 99.0, 99.0, 4]
99.0, but looks, [78.0, 99.0, 123.0, 4]
99.25, philadelphia eagles, [63.0, 99.25, 131.0, 4]
99.5, 6'6", [80.0, 99.5, 119.0, 4]
99.5, von, [81.0, 99.5, 118.0, 4]
99.5, von miller, [81.0, 99.5, 118.0, 4]
100.0, oak creek, [100.0, 100.0, 100.0, 4]
100.25, he?s been, [66.0, 100.25, 135.0, 4]
100.25, offer him, [91.0, 100.25, 115.0, 4]
100.25, sacrificing, [79.0, 100.25, 132.0, 4]
100.75, yards 135, [89.0, 100.75, 117.0, 4]
101.0, 172 times, [65.0, 101.0, 137.0, 4]
101.0, 7 class, [101.0, 101.0, 101.0, 4]
101.0, carried 172, [65.0, 101.0, 137.0, 4]
101.0, district 7, [101.0, 101.0, 101.0, 4]
101.0, receiver had, [86.0, 101.0, 119.0, 5]
101.25, since moving, [92.0, 101.25, 114.0, 4]
101.5, 5a division, [73.0, 101.5, 130.0, 4]
101.5, edison, [71.0, 101.5, 126.0, 4]
101.5, maximizing, [76.0, 101.5, 149.0, 4]
101.75, unreliable, [69.0, 101.75, 130.0, 4]
102.0, 907, [99.0, 102.0, 105.0, 4]
102.0, bayou bowl, [67.0, 102.0, 137.0, 4]
102.0, prep during, [76.0, 102.0, 128.0, 4]
102.2, 1600-meter, [99.0, 102.2, 106.0, 5]
102.2, 1600-meter relays, [99.0, 102.2, 106.0, 5]
102.25, appendectomy, [78.0, 102.25, 139.0, 4]
102.25, badger, [79.0, 102.25, 131.0, 4]
102.5, academy --name--, [71.0, 102.5, 137.0, 4]
102.5, all 50, [76.0, 102.5, 147.0, 4]
102.5, always generate, [85.0, 102.5, 137.0, 4]
102.5, fibula fracture, [71.0, 102.5, 130.0, 8]
102.5, high-cut player, [71.0, 102.5, 139.0, 4]
102.5, weightlifting, [80.0, 102.5, 119.0, 4]
102.66666666666667, daily press, [72.0, 102.66666666666667, 118.0, 6]
102.66666666666667, press all-star, [72.0, 102.66666666666667, 118.0, 6]
103.0, outstanding athlete, [70.0, 103.0, 136.0, 4]
103.16666666666667, or fluid, [60.0, 103.16666666666667, 131.0, 6]
103.25, should earn, [77.0, 103.25, 132.0, 4]
103.5, 40th, [102.0, 103.5, 105.0, 4]
103.5, ranked 40th, [102.0, 103.5, 105.0, 4]
103.75, defensive accolades, [75.0, 103.75, 142.0, 4]
103.75, having success, [78.0, 103.75, 150.0, 4]
103.8, three varsity, [79.0, 103.8, 149.0, 5]
104.0, advertiser all-state, [104.0, 104.0, 104.0, 4]
104.0, afa, [104.0, 104.0, 104.0, 4]
104.0, cornerback recording, [86.0, 104.0, 119.0, 4]
104.5, 575 yards, [91.0, 104.5, 118.0, 4]
104.5, against marshall, [73.0, 104.5, 147.0, 4]
105.25, navigating, [65.0, 105.25, 138.0, 4]
105.5, all-state all-district, [95.0, 105.5, 116.0, 4]
105.57142857142857, leg fracture, [60.0, 105.57142857142857, 128.0, 7]
106.0, drop easy, [73.0, 106.0, 144.0, 4]
106.5, tenacious attitude, [69.0, 106.5, 124.0, 4]
107.0, arise, [89.0, 107.0, 129.0, 4]
107.25, against most, [68.0, 107.25, 123.0, 4]
107.5, all-south team, [71.0, 107.5, 144.0, 4]
107.75, semifinalist nation's, [69.0, 107.75, 139.0, 4]
108.0, 400-, [79.0, 108.0, 128.0, 6]
108.0, all-state receiver, [97.0, 108.0, 119.0, 4]
108.0, some strength, [89.0, 108.0, 122.0, 4]
108.0, southwest, [78.0, 108.0, 144.0, 12]
108.25, find space, [95.0, 108.25, 136.0, 4]
108.4, 48 receptions, [87.0, 108.4, 126.0, 5]
108.5, sdsu, [94.0, 108.5, 152.0, 4]
108.5, than 1800, [106.0, 108.5, 111.0, 4]
108.8, 37th-best, [92.0, 108.8, 124.0, 5]
108.83333333333333, 18 solos, [79.0, 108.83333333333333, 146.0, 6]
109.0, all-steel, [109.0, 109.0, 109.0, 4]
109.0, all-steel valley, [109.0, 109.0, 109.0, 4]
109.0, been his, [76.0, 109.0, 141.0, 6]
109.0, think they, [74.0, 109.0, 144.0, 4]
109.5, career had, [95.0, 109.5, 151.0, 4]
110.16666666666667, registered 11, [69.0, 110.16666666666667, 143.0, 6]
110.25, possesses nfl, [103.0, 110.25, 122.0, 4]
110.75, 691, [91.0, 110.75, 156.0, 4]
110.75, suspended four, [65.0, 110.75, 126.0, 4]
110.8, pcl, [89.0, 110.8, 132.0, 5]
110.83333333333333, demon deacons, [96.0, 110.83333333333333, 118.0, 6]
111.0, 750 yards, [81.0, 111.0, 141.0, 4]
111.0, scout round, [84.0, 111.0, 140.0, 6]
111.0, won't ever, [67.0, 111.0, 137.0, 4]
111.25, 1473, [79.0, 111.25, 122.0, 4]
111.25, clowney, [77.0, 111.25, 136.0, 4]
111.4, southeast texas, [73.0, 111.4, 121.0, 5]
111.5, 1626, [89.0, 111.5, 138.0, 4]
111.57142857142857, beaumont, [105.0, 111.57142857142857, 121.0, 7]
111.6, i'm going, [93.0, 111.6, 152.0, 5]
111.75, glad, [93.0, 111.75, 143.0, 4]
111.75, natural when, [84.0, 111.75, 140.0, 4]
112.0, press adding, [109.0, 112.0, 115.0, 4]
112.33333333333333, wrist fracture, [76.0, 112.33333333333333, 137.0, 6]
112.5, 152-yard, [85.0, 112.5, 141.0, 4]
112.5, seventh-best overall, [98.0, 112.5, 127.0, 4]
113.0, 54th-best, [85.0, 113.0, 141.0, 4]
113.0, cabrillo, [113.0, 113.0, 113.0, 6]
113.0, cabrillo college, [113.0, 113.0, 113.0, 6]
113.0, junior championship, [113.0, 113.0, 113.0, 4]
113.0, nfl global, [113.0, 113.0, 113.0, 4]
113.0, ontario, [113.0, 113.0, 113.0, 9]
113.0, recorded 93, [109.0, 113.0, 117.0, 4]
113.0, team canada, [113.0, 113.0, 113.0, 4]
113.0, tomey, [113.0, 113.0, 113.0, 4]
113.25, 2011-2012, [90.0, 113.25, 138.0, 4]
113.5, tackles 57, [75.0, 113.5, 147.0, 4]
113.8, deacons, [102.0, 113.8, 118.0, 5]
114.0, coaching change, [92.0, 114.0, 166.0, 4]
114.0, houston area, [88.0, 114.0, 140.0, 4]
114.0, or failing, [86.0, 114.0, 152.0, 4]
114.0, yards 127-yard, [85.0, 114.0, 146.0, 4]
114.33333333333333, evangel christian, [69.0, 114.33333333333333, 137.0, 6]
114.5, all-mvfc, [86.0, 114.5, 143.0, 4]
114.6, all-area pick, [85.0, 114.6, 144.0, 5]
114.75, getting low, [78.0, 114.75, 143.0, 4]
114.8, duties ranking, [86.0, 114.8, 128.0, 5]
115.0, carolina all-stars, [115.0, 115.0, 115.0, 4]
115.0, first-team all-western, [106.0, 115.0, 124.0, 4]
115.25, prospect due, [81.0, 115.25, 146.0, 4]
115.5, 100 recruits, [95.0, 115.5, 136.0, 4]
115.5, 227 yards, [101.0, 115.5, 130.0, 4]
115.5, 43 catches, [85.0, 115.5, 149.0, 4]
115.5, hands often, [79.0, 115.5, 153.0, 4]
115.5, marginal playing, [101.0, 115.5, 147.0, 4]
116.0, 300 tackles, [86.0, 116.0, 146.0, 4]
116.2, receiving radius, [87.0, 116.2, 156.0, 5]
116.5, maintain momentum, [83.0, 116.5, 156.0, 4]
116.6, tough interception, [93.0, 116.6, 134.0, 5]
116.75, extra step, [96.0, 116.75, 132.0, 4]
117.0, team finishing, [86.0, 117.0, 148.0, 4]
117.5, varsity season, [98.0, 117.5, 137.0, 4]
117.57142857142857, evangel, [69.0, 117.57142857142857, 137.0, 7]
117.66666666666667, hillsborough, [97.0, 117.66666666666667, 159.0, 6]
117.66666666666667, hillsborough county, [97.0, 117.66666666666667, 159.0, 6]
117.75, loses momentum, [88.0, 117.75, 153.0, 4]
118.0, 2002 aaa, [118.0, 118.0, 118.0, 4]
118.0, aaa coaches, [118.0, 118.0, 118.0, 4]
118.0, produced four, [97.0, 118.0, 165.0, 4]
118.0, second-rounder, [83.0, 118.0, 130.0, 4]
118.2, ridge, [103.0, 118.2, 131.0, 5]
118.75, raymond, [97.0, 118.75, 164.0, 4]
118.75, think his, [78.0, 118.75, 149.0, 4]
118.8, not adequate, [93.0, 118.8, 152.0, 5]
119.0, 886 yards, [98.0, 119.0, 140.0, 4]
119.0, fixed, [87.0, 119.0, 141.0, 4]
119.0, year prior, [106.0, 119.0, 148.0, 4]
119.5, 127 tackles, [85.0, 119.5, 154.0, 4]
119.75, nichols, [95.0, 119.75, 128.0, 4]
119.75, than stay, [86.0, 119.75, 160.0, 4]
120.0, 52 passes, [97.0, 120.0, 143.0, 4]
120.0, caught 52, [97.0, 120.0, 143.0, 4]
120.5, state during, [113.0, 120.5, 128.0, 4]
120.75, good finishing, [102.0, 120.75, 159.0, 4]
120.75, then started, [86.0, 120.75, 155.0, 4]
120.83333333333333, works team, [98.0, 120.83333333333333, 147.0, 6]
120.88888888888889, lg, [89.0, 120.88888888888889, 143.0, 9]
121.0, college all-american, [90.0, 121.0, 142.0, 6]
121.0, guard right, [95.0, 121.0, 144.0, 4]
121.0, loved, [96.0, 121.0, 152.0, 4]
121.25, disability, [104.0, 121.25, 171.0, 4]
121.25, learning disability, [104.0, 121.25, 171.0, 4]
121.5, man gets, [117.0, 121.5, 129.0, 4]
121.8, minority, [85.0, 121.8, 147.0, 5]
122.0, caused fumbles, [103.0, 122.0, 141.0, 4]
122.0, or force, [101.0, 122.0, 137.0, 4]
122.2, all-mwc first-team, [104.0, 122.2, 137.0, 5]
122.25, both school, [84.0, 122.25, 158.0, 4]
122.25, tells, [91.0, 122.25, 149.0, 4]
122.5, key blocks, [108.0, 122.5, 164.0, 4]
122.75, dodge, [89.0, 122.75, 136.0, 4]
122.75, mere, [107.0, 122.75, 164.0, 4]
122.75, overall play, [96.0, 122.75, 141.0, 4]
123.2, pile or, [89.0, 123.2, 145.0, 5]
123.25, usm, [121.0, 123.25, 130.0, 4]
123.5, bodies up, [99.0, 123.5, 154.0, 4]
123.5, coaches did, [109.0, 123.5, 153.0, 4]
124.0, taft, [124.0, 124.0, 124.0, 4]
124.75, good works, [98.0, 124.75, 147.0, 4]
124.75, pass vs, [105.0, 124.75, 150.0, 4]
124.8, scrimmage two, [90.0, 124.8, 151.0, 5]
125.0, fourth down, [98.0, 125.0, 146.0, 4]
125.0, morse, [106.0, 125.0, 144.0, 4]
125.0, sidbury, [125.0, 125.0, 125.0, 10]
125.0, than 1400, [97.0, 125.0, 153.0, 4]
125.75, play organized, [106.0, 125.75, 176.0, 4]
125.875, 575, [91.0, 125.875, 151.0, 8]
126.5, also perform, [104.0, 126.5, 152.0, 4]
126.5, block shows, [84.0, 126.5, 155.0, 4]
126.5, transition well, [86.0, 126.5, 160.0, 4]
127.4, jackson --name--, [75.0, 127.4, 145.0, 5]
127.5, archbishop, [120.0, 127.5, 135.0, 4]
127.5, archbishop rummel, [120.0, 127.5, 135.0, 4]
127.5, herald-leader "class, [127.0, 127.5, 128.0, 4]
127.83333333333333, scored 12, [88.0, 127.83333333333333, 151.0, 6]
128.0, manual, [128.0, 128.0, 128.0, 4]
128.0, petersburg times, [97.0, 128.0, 159.0, 4]
128.25, family tree, [104.0, 128.25, 172.0, 4]
128.5, 90th, [102.0, 128.5, 155.0, 4]
128.5, gainer, [88.0, 128.5, 157.0, 4]
128.5, planted, [107.0, 128.5, 145.0, 4]
128.75, bruised ribs, [126.0, 128.75, 135.0, 4]
129.0, january 2006, [86.0, 129.0, 153.0, 5]
129.16666666666666, games there, [86.0, 129.16666666666666, 159.0, 6]
129.2, closes well, [92.0, 129.2, 166.0, 5]
129.4, 56 passes, [87.0, 129.4, 160.0, 5]
129.66666666666666, interior defenders, [97.0, 129.66666666666666, 157.0, 6]
129.75, afc running, [106.0, 129.75, 150.0, 4]
130.0, rummel, [120.0, 130.0, 135.0, 6]
130.2, than five, [117.0, 130.2, 164.0, 5]
130.5, related, [104.0, 130.5, 169.0, 4]
130.6, "i'll, [99.0, 130.6, 156.0, 5]
130.75, athletic prospect, [99.0, 130.75, 150.0, 4]
131.0, 513, [120.0, 131.0, 158.0, 4]
131.0, second-team all-city, [124.0, 131.0, 138.0, 4]
131.25, runs outside, [106.0, 131.25, 156.0, 4]
131.4, missed six, [109.0, 131.4, 160.0, 5]
131.5, leaks, [92.0, 131.5, 162.0, 4]
132.75, abilene, [111.0, 132.75, 140.0, 4]
132.75, abilene christian, [111.0, 132.75, 140.0, 4]
133.0, national champs, [105.0, 133.0, 160.0, 4]
134.0, pollack, [134.0, 134.0, 134.0, 4]
134.4, 28 returns, [86.0, 134.4, 157.0, 5]
134.5, wide receiver's, [111.0, 134.5, 157.0, 4]
135.25, powerful player, [90.0, 135.25, 163.0, 4]
135.25, snap well, [96.0, 135.25, 168.0, 4]
135.33333333333334, senior leading, [92.0, 135.33333333333334, 158.0, 6]
135.4, press man, [106.0, 135.4, 154.0, 5]
135.5, 832, [128.0, 135.5, 143.0, 4]
135.5, arizona game, [126.0, 135.5, 156.0, 4]
135.83333333333334, while getting, [112.0, 135.83333333333334, 170.0, 6]
136.0, desoto, [107.0, 136.0, 165.0, 4]
136.0, muskegon, [136.0, 136.0, 136.0, 4]
136.66666666666666, region ii, [123.0, 136.66666666666666, 164.0, 6]
137.0, 18-4a, [137.0, 137.0, 137.0, 4]
137.0, district 18-4a, [137.0, 137.0, 137.0, 4]
137.0, first-team all-caa, [114.0, 137.0, 171.0, 5]
137.33333333333334, subpar, [119.0, 137.33333333333334, 181.0, 6]
137.6, approached, [123.0, 137.6, 155.0, 5]
137.75, good matchup, [116.0, 137.75, 156.0, 4]
138.0, all-century, [104.0, 138.0, 172.0, 4]
138.0, all-century league, [104.0, 138.0, 172.0, 4]
138.5, january 2011, [103.0, 138.5, 167.0, 4]
138.75, greenville, [122.0, 138.75, 175.0, 4]
139.0, braymer, [139.0, 139.0, 139.0, 4]
139.25, inconsistent reading, [119.0, 139.25, 161.0, 4]
139.75, often late, [125.0, 139.75, 155.0, 4]
140.25, adding all-area, [131.0, 140.25, 151.0, 8]
140.6, two-star prospect, [113.0, 140.6, 162.0, 5]
140.66666666666666, adding all-conference, [115.0, 140.66666666666666, 171.0, 6]
141.0, elusive ballcarriers, [120.0, 141.0, 157.0, 4]
141.0, named academic, [122.0, 141.0, 154.0, 4]
141.5, not threaten, [112.0, 141.5, 174.0, 4]
142.5, 717, [134.0, 142.5, 151.0, 4]
142.5, 717 yards, [134.0, 142.5, 151.0, 4]
142.6, elude blockers, [104.0, 142.6, 157.0, 5]
143.25, physical running, [134.0, 143.25, 156.0, 4]
143.875, all-caa, [114.0, 143.875, 171.0, 8]
144.0, owl, [144.0, 144.0, 144.0, 4]
144.25, consistent pad, [121.0, 144.25, 172.0, 4]
145.0, kaiser, [145.0, 145.0, 145.0, 4]
145.2, stockton, [126.0, 145.2, 174.0, 5]
145.25, keeping good, [121.0, 145.25, 186.0, 4]
146.0, kiski, [146.0, 146.0, 146.0, 8]
146.0, kiski area, [146.0, 146.0, 146.0, 6]
146.0, not capable, [125.0, 146.0, 169.0, 4]
146.0, sequoyah, [146.0, 146.0, 146.0, 4]
146.0, wpial, [146.0, 146.0, 146.0, 4]
146.6, durant, [97.0, 146.6, 159.0, 5]
146.75, 21 interceptions, [137.0, 146.75, 156.0, 4]
146.85714285714286, while throwing, [137.0, 146.85714285714286, 160.0, 7]
147.25, line gets, [127.0, 147.25, 183.0, 4]
147.4, year adding, [111.0, 147.4, 177.0, 5]
148.0, 50-yard touchdown, [124.0, 148.0, 172.0, 4]
148.0, conference all-time, [107.0, 148.0, 177.0, 4]
148.0, coverage underneath, [117.0, 148.0, 184.0, 5]
148.0, first-team fcs, [143.0, 148.0, 153.0, 4]
149.5, box than, [140.0, 149.5, 165.0, 4]
149.8, excellent instincts, [126.0, 149.8, 166.0, 5]
150.0, 842, [106.0, 150.0, 180.0, 4]
150.2, coach pat, [111.0, 150.2, 184.0, 5]
150.33333333333334, better timing, [115.0, 150.33333333333334, 186.0, 6]
150.5, relegate, [121.0, 150.5, 167.0, 4]
150.5, relegate him, [121.0, 150.5, 167.0, 4]
150.75, while becoming, [115.0, 150.75, 179.0, 4]
151.0, "class, [127.0, 151.0, 198.0, 6]
151.0, 2860, [151.0, 151.0, 151.0, 4]
151.0, all-district recognition, [151.0, 151.0, 151.0, 6]
151.0, commonwealth", [127.0, 151.0, 198.0, 6]
151.0, pressures one, [151.0, 151.0, 151.0, 4]
151.16666666666666, 705, [122.0, 151.16666666666666, 176.0, 6]
151.4, 3 prospect, [143.0, 151.4, 159.0, 5]
151.5, fastest time, [124.0, 151.5, 179.0, 4]
151.75, season would, [140.0, 151.75, 172.0, 4]
152.0, playing down, [123.0, 152.0, 185.0, 5]
152.6, pensacola, [133.0, 152.6, 190.0, 5]
152.75, determined runner, [133.0, 152.75, 202.0, 4]
153.5, against quality, [119.0, 153.5, 186.0, 4]
153.5, recognize routes, [129.0, 153.5, 188.0, 4]
153.75, wins early, [123.0, 153.75, 192.0, 4]
154.0, mickens, [143.0, 154.0, 187.0, 4]
154.5, 152 tackles, [143.0, 154.5, 167.0, 4]
154.75, thinner, [117.0, 154.75, 189.0, 4]
155.0, daily journal, [130.0, 155.0, 180.0, 4]
155.25, most people, [137.0, 155.25, 163.0, 4]
155.6, nerve damage, [130.0, 155.6, 194.0, 5]
156.0, 705 yards, [126.0, 156.0, 176.0, 4]
156.0, playaction, [132.0, 156.0, 189.0, 6]
156.0, scrimmage before, [138.0, 156.0, 185.0, 4]
156.2, blocking out, [122.0, 156.2, 178.0, 5]
156.2, returning four, [147.0, 156.2, 183.0, 5]
156.25, plus burst, [134.0, 156.25, 179.0, 4]
156.5, west list, [156.0, 156.5, 157.0, 4]
156.75, high-motor type, [120.0, 156.75, 183.0, 4]
157.0, cliff, [127.0, 157.0, 198.0, 4]
157.0, cliff harris, [127.0, 157.0, 198.0, 4]
157.0, throwing hand, [137.0, 157.0, 178.0, 5]
157.0, which results, [138.0, 157.0, 175.0, 5]
157.25, last play, [116.0, 157.25, 175.0, 4]
157.5, perimeter or, [128.0, 157.5, 198.0, 4]
157.66666666666666, downed, [142.0, 157.66666666666666, 168.0, 6]
157.66666666666666, downed inside, [142.0, 157.66666666666666, 168.0, 6]
157.75, compact muscular, [115.0, 157.75, 178.0, 4]
157.75, misfires, [115.0, 157.75, 177.0, 4]
158.0, houston texas, [130.0, 158.0, 185.0, 4]
158.0, powerful blocker, [151.0, 158.0, 162.0, 4]
158.0, prep number, [158.0, 158.0, 158.0, 4]
158.0, press number, [158.0, 158.0, 158.0, 4]
158.0, who attended, [122.0, 158.0, 183.0, 4]
158.4, distractions, [131.0, 158.4, 178.0, 5]
159.5, ballcarriers but, [138.0, 159.5, 194.0, 4]
159.5, tackles because, [129.0, 159.5, 194.0, 4]
160.0, oakland athletic, [160.0, 160.0, 160.0, 4]
160.0, posting six, [138.0, 160.0, 175.0, 5]
160.25, college recruit, [142.0, 160.25, 215.0, 4]
160.57142857142858, lisfranc, [113.0, 160.57142857142858, 185.0, 7]
160.6, --name-- handled, [118.0, 160.6, 178.0, 5]
161.0, 6-aa, [161.0, 161.0, 161.0, 4]
161.0, monmouth, [161.0, 161.0, 161.0, 4]
161.0, region 6-aa, [161.0, 161.0, 161.0, 4]
161.0, shed some, [143.0, 161.0, 198.0, 4]
161.16666666666666, southern conference, [142.0, 161.16666666666666, 177.0, 6]
161.2, dawson, [144.0, 161.2, 176.0, 5]
161.4, team's mvp, [125.0, 161.4, 186.0, 5]
161.8, discus throw, [136.0, 161.8, 207.0, 5]
162.0, national media, [157.0, 162.0, 168.0, 4]
162.0, vacated, [127.0, 162.0, 186.0, 4]
162.14285714285714, guy award, [142.0, 162.14285714285714, 179.0, 7]
162.5, 707, [146.0, 162.5, 194.0, 4]
162.875, ray guy, [142.0, 162.875, 179.0, 8]
163.0, 4x200-, [128.0, 163.0, 198.0, 4]
163.5, reds, [156.0, 163.5, 171.0, 4]
163.75, net average, [142.0, 163.75, 168.0, 8]
163.75, swat away, [125.0, 163.75, 183.0, 4]
164.0, guard due, [122.0, 164.0, 196.0, 4]
164.25, yards 52, [135.0, 164.25, 204.0, 4]
164.4, complementary back, [138.0, 164.4, 186.0, 5]
164.4, star conference, [140.0, 164.4, 201.0, 5]
164.5, team 100, [157.0, 164.5, 172.0, 4]
165.0, john's, [165.0, 165.0, 165.0, 4]
165.2, ranked 51st, [138.0, 165.2, 181.0, 5]
165.5, adequate lower, [149.0, 165.5, 195.0, 4]
166.0, tolleson, [166.0, 166.0, 166.0, 4]
166.28571428571428, 58 touchdowns, [136.0, 166.28571428571428, 202.0, 7]
166.4, 100m, [153.0, 166.4, 184.0, 5]
166.5, routes well, [137.0, 166.5, 200.0, 4]
167.0, denton, [167.0, 167.0, 167.0, 4]
167.2, kickoff specialist, [161.0, 167.2, 177.0, 5]
167.2, then switched, [151.0, 167.2, 195.0, 5]
167.5, up-and-coming, [150.0, 167.5, 179.0, 4]
168.5, weather conditions, [150.0, 168.5, 178.0, 4]
169.0, left-footed, [142.0, 169.0, 178.0, 4]
169.16666666666666, mary's, [139.0, 169.16666666666666, 179.0, 6]
169.25, can grab, [141.0, 169.25, 197.0, 4]
169.25, him develop, [143.0, 169.25, 200.0, 4]
169.5, career scoring, [158.0, 169.5, 178.0, 4]
169.5, kicking chores, [164.0, 169.5, 178.0, 4]
169.8, thick tight, [140.0, 169.8, 203.0, 5]
170.0, 30th, [138.0, 170.0, 208.0, 4]
170.0, two-step, [159.0, 170.0, 191.0, 5]
170.2, ivy, [158.0, 170.2, 207.0, 5]
170.2, ivy league, [158.0, 170.2, 207.0, 5]
170.25, wisconsin --name--, [131.0, 170.25, 191.0, 4]
170.5, offensive game, [137.0, 170.5, 204.0, 4]
171.0, alex smith, [171.0, 171.0, 171.0, 4]
171.0, bellaire, [171.0, 171.0, 171.0, 4]
171.2, locating his, [137.0, 171.2, 198.0, 5]
171.5, also gaining, [151.0, 171.5, 192.0, 4]
171.8, 414, [146.0, 171.8, 199.0, 5]
172.0, 81 touchdowns, [171.0, 172.0, 173.0, 4]
172.0, prep season, [162.0, 172.0, 186.0, 4]
172.5, playoff appearances, [147.0, 172.5, 198.0, 4]
172.75, 25 players, [155.0, 172.75, 221.0, 4]
172.8, went down, [159.0, 172.8, 187.0, 5]
173.0, 2002 including, [159.0, 173.0, 187.0, 4]
173.33333333333334, uprights, [166.0, 173.33333333333334, 177.0, 6]
173.5, state's defensive, [166.0, 173.5, 181.0, 4]
173.75, delivery when, [137.0, 173.75, 186.0, 4]
173.75, two-way star, [136.0, 173.75, 197.0, 4]
174.0, inside 'backer, [160.0, 174.0, 207.0, 4]
174.4, tcu's, [137.0, 174.4, 197.0, 5]
174.5, junior placed, [134.0, 174.5, 188.0, 4]
174.5, quarterback camp, [151.0, 174.5, 198.0, 4]
175.0, football three, [146.0, 175.0, 204.0, 4]
175.0, played nose, [163.0, 175.0, 187.0, 4]
175.0, started 21, [167.0, 175.0, 191.0, 4]
175.0, wind up, [137.0, 175.0, 209.0, 4]
175.2, positional blocker, [149.0, 175.2, 201.0, 5]
175.33333333333334, decision-maker, [152.0, 175.33333333333334, 209.0, 6]
175.6, top athletes, [149.0, 175.6, 218.0, 5]
175.75, effective inside, [132.0, 175.75, 204.0, 4]
176.0, 193 yards, [138.0, 176.0, 209.0, 5]
176.5, 219 yards, [159.0, 176.5, 194.0, 4]
177.0, 2003 class, [135.0, 177.0, 197.0, 5]
177.5, 201 yards, [149.0, 177.5, 194.0, 4]
177.5, macon, [167.0, 177.5, 208.0, 4]
178.25, lacks exceptional, [147.0, 178.25, 213.0, 4]
178.75, shock blockers, [145.0, 178.75, 216.0, 4]
179.0, former wolverine, [179.0, 179.0, 179.0, 4]
179.0, indoor state, [179.0, 179.0, 179.0, 4]
180.0, wrong foot, [156.0, 180.0, 198.0, 5]
180.5, climb up, [160.0, 180.5, 215.0, 4]
180.8, directional punting, [164.0, 180.8, 192.0, 5]
181.0, three-time all-region, [161.0, 181.0, 216.0, 6]
181.25, him five, [153.0, 181.25, 223.0, 4]
181.4, --name-- told, [159.0, 181.4, 217.0, 5]
182.0, bull rushing, [146.0, 182.0, 215.0, 4]
182.25, 585, [152.0, 182.25, 207.0, 4]
182.25, twice while, [153.0, 182.25, 205.0, 4]
183.0, 4x100 meter, [166.0, 183.0, 204.0, 5]
183.42857142857142, earned all-league, [162.0, 183.42857142857142, 204.0, 7]
183.5, pooch, [163.0, 183.5, 235.0, 4]
183.5, tackle earning, [164.0, 183.5, 236.0, 4]
184.0, east yosemite, [184.0, 184.0, 184.0, 4]
184.0, tarzan, [170.0, 184.0, 220.0, 4]
184.0, when initial, [154.0, 184.0, 209.0, 4]
184.0, yosemite, [184.0, 184.0, 184.0, 6]
184.0, yosemite league, [184.0, 184.0, 184.0, 6]
184.25, attempts including, [166.0, 184.25, 222.0, 4]
185.0, 225 carries, [157.0, 185.0, 213.0, 4]
185.0, hartnell, [164.0, 185.0, 227.0, 6]
185.0, northeast mississippi, [180.0, 185.0, 190.0, 4]
185.5, blown out, [153.0, 185.5, 210.0, 4]
185.5, consecutive victories, [159.0, 185.5, 212.0, 4]
185.5, league title, [184.0, 185.5, 187.0, 4]
186.0, golf, [172.0, 186.0, 207.0, 5]
186.75, marginal elusiveness, [166.0, 186.75, 211.0, 4]
187.0, 42nd-best, [173.0, 187.0, 201.0, 4]
187.0, hokies', [148.0, 187.0, 215.0, 4]
187.0, play'making, [137.0, 187.0, 207.0, 5]
187.25, all-nebraska, [176.0, 187.25, 197.0, 4]
187.5, positive yards, [155.0, 187.5, 209.0, 4]
187.6, leaving him, [150.0, 187.6, 211.0, 5]
187.75, good rise, [168.0, 187.75, 237.0, 4]
188.2, adequate explosion, [148.0, 188.2, 216.0, 5]
188.2, extra-point attempts, [172.0, 188.2, 235.0, 5]
189.5, assists three, [180.0, 189.5, 199.0, 4]
190.0, semifinal appearance, [171.0, 190.0, 209.0, 4]
190.75, kickoff chores, [172.0, 190.75, 235.0, 4]
191.0, question whether, [161.0, 191.0, 230.0, 4]
191.5, guided his, [174.0, 191.5, 209.0, 4]
191.5, meter relay, [166.0, 191.5, 227.0, 6]
192.5, weight impacting, [159.0, 192.5, 214.0, 4]
193.0, citizen, [185.0, 193.0, 201.0, 4]
193.0, dar, [185.0, 193.0, 201.0, 4]
193.4, duck-footed, [154.0, 193.4, 226.0, 5]
193.5, moon, [156.0, 193.5, 226.0, 4]
193.6, honorary, [180.0, 193.6, 197.0, 5]
193.6, honorary captain, [180.0, 193.6, 197.0, 5]
193.75, gilbert, [183.0, 193.75, 226.0, 4]
194.0, all-spsl, [194.0, 194.0, 194.0, 4]
194.25, kick off, [157.0, 194.25, 221.0, 4]
195.0, runback, [157.0, 195.0, 229.0, 4]
196.0, catch throws, [180.0, 196.0, 205.0, 4]
196.75, baseball basketball, [192.0, 196.75, 204.0, 4]
197.0, td passes, [164.0, 197.0, 213.0, 4]
197.4, man across, [168.0, 197.4, 223.0, 5]
197.75, over 40, [177.0, 197.75, 236.0, 4]
198.5, all-pioneer, [160.0, 198.5, 213.0, 4]
198.6, only 19, [164.0, 198.6, 234.0, 5]
199.5, added fox, [172.0, 199.5, 227.0, 4]
200.0, junior along, [198.0, 200.0, 202.0, 4]
200.5, can kick, [168.0, 200.5, 235.0, 4]
200.5, rhodes, [194.0, 200.5, 207.0, 4]
200.6, southern utah, [157.0, 200.6, 225.0, 5]
201.0, school heisman, [181.0, 201.0, 210.0, 4]
201.5, or shed, [157.0, 201.5, 229.0, 4]
201.5, unnoticed, [163.0, 201.5, 229.0, 4]
201.66666666666666, play'-action, [183.0, 201.66666666666666, 222.0, 6]
202.0, games 47, [202.0, 202.0, 202.0, 4]
202.5, 159 yards, [158.0, 202.5, 227.0, 4]
203.0, d, [174.0, 203.0, 234.0, 4]
203.0, omaha, [197.0, 203.0, 212.0, 4]
203.2, 37 touchdowns, [179.0, 203.2, 228.0, 5]
204.0, got too, [156.0, 204.0, 223.0, 5]
204.75, ball does, [186.0, 204.75, 228.0, 4]
205.0, day three, [167.0, 205.0, 238.0, 4]
205.0, production --name--, [174.0, 205.0, 238.0, 5]
205.4, quick or, [173.0, 205.4, 233.0, 5]
206.2, medium-range, [196.0, 206.2, 223.0, 5]
206.2, short-, [196.0, 206.2, 223.0, 5]
206.4, more you, [170.0, 206.4, 232.0, 5]
206.5, become better, [181.0, 206.5, 236.0, 4]
206.5, distance average, [178.0, 206.5, 235.0, 8]
206.75, ball often, [190.0, 206.75, 227.0, 4]
207.375, fair catches, [168.0, 207.375, 235.0, 8]
207.75, spreads, [192.0, 207.75, 226.0, 4]
208.0, emfinger rated, [179.0, 208.0, 237.0, 4]
208.0, touchdowns along, [179.0, 208.0, 237.0, 4]
209.0, moines register, [188.0, 209.0, 237.0, 6]
209.0, school did, [159.0, 209.0, 224.0, 5]
209.25, walk-on --name--, [176.0, 209.25, 241.0, 4]
209.5, named all-area, [184.0, 209.5, 235.0, 4]
209.5, nation's third-best, [175.0, 209.5, 244.0, 4]
210.8, backup 4-3, [162.0, 210.8, 233.0, 5]
211.0, garnered all-state, [204.0, 211.0, 218.0, 4]
211.5, adding 10, [177.0, 211.5, 227.0, 4]
211.6, kicker who, [175.0, 211.6, 235.0, 5]
211.75, receptions yards, [162.0, 211.75, 234.0, 4]
212.0, south area, [198.0, 212.0, 241.0, 4]
212.5, iowa newspaper, [188.0, 212.5, 237.0, 4]
212.5, newspaper association, [188.0, 212.5, 237.0, 4]
212.75, four field, [177.0, 212.75, 227.0, 4]
213.0, tennessean, [196.0, 213.0, 230.0, 4]
213.0, x los, [213.0, 213.0, 213.0, 4]
214.0, des, [188.0, 214.0, 244.0, 7]
214.0, des moines, [188.0, 214.0, 244.0, 7]
214.0, moines, [188.0, 214.0, 244.0, 7]
214.0, norcross, [214.0, 214.0, 214.0, 4]
214.8, recorded 117, [179.0, 214.8, 249.0, 5]
215.0, made 105, [181.0, 215.0, 249.0, 4]
215.0, recorded 50, [185.0, 215.0, 245.0, 4]
217.5, agent --name--'s, [198.0, 217.5, 251.0, 4]
218.0, cadets, [218.0, 218.0, 218.0, 4]
218.2, enough leg, [166.0, 218.2, 235.0, 5]
218.5, drifts too, [205.0, 218.5, 240.0, 4]
219.0, demons, [219.0, 219.0, 219.0, 4]
219.0, experience outside, [200.0, 219.0, 241.0, 4]
219.25, 10 carries, [187.0, 219.25, 248.0, 4]
219.25, foot stress, [217.0, 219.25, 226.0, 4]
220.0, bulk scouts, [189.0, 220.0, 231.0, 4]
220.75, marginal athleticism, [193.0, 220.75, 253.0, 4]
220.75, short-stepper, [174.0, 220.75, 247.0, 4]
221.25, yield, [207.0, 221.25, 245.0, 4]
224.0, chabot, [224.0, 224.0, 224.0, 5]
224.0, destroy, [201.0, 224.0, 254.0, 4]
227.0, 2631, [227.0, 227.0, 227.0, 4]
227.0, 2631 yards, [227.0, 227.0, 227.0, 4]
228.0, cedar, [225.0, 228.0, 237.0, 4]
230.0, all-area selection, [210.0, 230.0, 250.0, 4]
230.0, turbin, [230.0, 230.0, 230.0, 4]
230.25, 110 yards, [192.0, 230.25, 248.0, 4]
230.5, short-yardage runner, [212.0, 230.5, 245.0, 4]
231.0, traits could, [209.0, 231.0, 251.0, 4]
232.0, misc:, [205.0, 232.0, 256.0, 6]
233.0, grace prep, [233.0, 233.0, 233.0, 4]
234.0, roethlisberger, [234.0, 234.0, 234.0, 4]
234.5, routes rather, [224.0, 234.5, 248.0, 4]
235.0, fgs, [228.0, 235.0, 256.0, 4]
236.5, oil bowl, [228.0, 236.5, 245.0, 4]
236.8, weber, [204.0, 236.8, 248.0, 10]
240.75, caught just, [222.0, 240.75, 255.0, 4]
241.0, military college:, [238.0, 241.0, 244.0, 4]
242.4, comments, [236.0, 242.4, 244.0, 5]
246.0, plantar, [243.0, 246.0, 247.0, 4]
248.0, weber said, [248.0, 248.0, 248.0, 7]
250.0, all-virginia, [250.0, 250.0, 250.0, 4]
250.0, lynchburg, [250.0, 250.0, 250.0, 5]
