3.3333333333333335, both scoutcom, [1.0, 3.3333333333333335, 8.0, 6]
6.533333333333333, 1 top, [1.0, 6.533333333333333, 18.0, 15]
7.285714285714286, top-five, [2.0, 7.285714285714286, 16.0, 7]
7.666666666666667, herschel, [4.0, 7.666666666666667, 12.0, 6]
7.666666666666667, herschel walker, [4.0, 7.666666666666667, 12.0, 6]
10.333333333333334, register all-orange, [5.0, 10.333333333333334, 21.0, 6]
12.8, franchise quarterback, [1.0, 12.8, 57.0, 5]
14.0, lineman mvp, [7.0, 14.0, 28.0, 6]
15.6, cavaliers, [2.0, 15.6, 45.0, 5]
16.0, all-scc, [16.0, 16.0, 16.0, 6]
16.0, aurora, [16.0, 16.0, 16.0, 5]
16.0, ten offensive, [1.0, 16.0, 58.0, 5]
16.0, tri-city, [16.0, 16.0, 16.0, 6]
16.5, him over, [3.0, 16.5, 38.0, 6]
17.0, grandview, [17.0, 17.0, 17.0, 6]
17.166666666666668, losses two, [5.0, 17.166666666666668, 44.0, 6]
17.4, 1 --name--, [9.0, 17.4, 33.0, 5]
17.666666666666668, all-metro team, [11.0, 17.666666666666668, 25.0, 6]
17.666666666666668, second-team all-cif, [5.0, 17.666666666666668, 27.0, 6]
17.8, booty, [5.0, 17.8, 69.0, 5]
18.166666666666668, his drop, [1.0, 18.166666666666668, 75.0, 6]
18.333333333333332, practices leading, [7.0, 18.333333333333332, 39.0, 6]
18.428571428571427, shore, [6.0, 18.428571428571427, 27.0, 7]
18.666666666666668, 15 cal-hi, [7.0, 18.666666666666668, 28.0, 6]
18.666666666666668, all-state all-cif, [7.0, 18.666666666666668, 28.0, 6]
18.666666666666668, county first-team, [5.0, 18.666666666666668, 30.0, 6]
18.666666666666668, news hot, [7.0, 18.666666666666668, 28.0, 6]
19.0, day 1, [8.0, 19.0, 36.0, 6]
20.6, natural running, [4.0, 20.6, 34.0, 5]
21.0, division vi, [21.0, 21.0, 21.0, 6]
21.0, marcos, [21.0, 21.0, 21.0, 6]
21.0, san marcos, [21.0, 21.0, 21.0, 6]
21.4, no issues, [1.0, 21.4, 61.0, 5]
23.333333333333332, side-step, [3.0, 23.333333333333332, 64.0, 6]
23.333333333333332, top linebacker, [2.0, 23.333333333333332, 48.0, 6]
23.4, 2013 nfl, [10.0, 23.4, 47.0, 5]
24.0, mobile register's, [4.0, 24.0, 44.0, 6]
24.0, register's, [4.0, 24.0, 44.0, 6]
24.2, albert, [8.0, 24.2, 77.0, 5]
25.166666666666668, hurdler, [2.0, 25.166666666666668, 48.0, 6]
25.2, all-sec notice, [6.0, 25.2, 69.0, 5]
25.2, fourth-best prospect, [7.0, 25.2, 54.0, 5]
25.22222222222222, south jersey, [18.0, 25.22222222222222, 83.0, 9]
25.666666666666668, all-inland, [7.0, 25.666666666666668, 63.0, 6]
25.666666666666668, all-inland empire, [7.0, 25.666666666666668, 63.0, 6]
25.666666666666668, times all-inland, [7.0, 25.666666666666668, 63.0, 6]
25.833333333333332, 456, [6.0, 25.833333333333332, 72.0, 6]
26.2, fifth-best season, [8.0, 26.2, 53.0, 5]
27.6, consensus freshman, [4.0, 27.6, 44.0, 5]
28.0, four quarters, [17.0, 28.0, 45.0, 5]
28.0, included seven, [24.0, 28.0, 32.0, 5]
28.785714285714285, all-american recognition, [1.0, 28.785714285714285, 71.0, 14]
29.0, lemming top, [9.0, 29.0, 48.0, 10]
29.6, american athletic, [3.0, 29.6, 69.0, 5]
29.833333333333332, first-team squads, [21.0, 29.833333333333332, 39.0, 6]
31.6, overall talent, [6.0, 31.6, 46.0, 5]
32.0, 13-1 record, [22.0, 32.0, 42.0, 5]
32.2, screw, [10.0, 32.2, 55.0, 5]
32.2, spurning, [20.0, 32.2, 47.0, 5]
32.4, disruptive penetrating, [13.0, 32.4, 57.0, 5]
32.57142857142857, cross-face, [6.0, 32.57142857142857, 78.0, 7]
33.333333333333336, sean taylor, [25.0, 33.333333333333336, 51.0, 6]
33.4, all-sec team, [6.0, 33.4, 65.0, 5]
34.333333333333336, prep's elite, [8.0, 34.333333333333336, 72.0, 6]
34.4, failure, [13.0, 34.4, 70.0, 5]
34.44444444444444, sanders, [5.0, 34.44444444444444, 64.0, 9]
34.57142857142857, second-best overall, [18.0, 34.57142857142857, 70.0, 7]
34.8, 1992, [9.0, 34.8, 56.0, 5]
35.2, lowe's, [21.0, 35.2, 50.0, 5]
35.2, lowe's senior, [21.0, 35.2, 50.0, 5]
35.4, piscataway, [14.0, 35.4, 64.0, 5]
36.0, baltimore sun, [11.0, 36.0, 80.0, 12]
36.2, 2011 played, [15.0, 36.2, 53.0, 5]
36.2, 2012 nfl, [9.0, 36.2, 77.0, 5]
36.4, cardinals', [12.0, 36.4, 73.0, 5]
36.4, east high, [1.0, 36.4, 62.0, 5]
36.666666666666664, best prospect, [2.0, 36.666666666666664, 75.0, 6]
36.8, competitive athlete, [14.0, 36.8, 64.0, 5]
37.0, ankle flexion, [8.0, 37.0, 69.0, 7]
37.333333333333336, when disengaging, [8.0, 37.333333333333336, 74.0, 6]
37.4, terrance, [22.0, 37.4, 52.0, 5]
37.55555555555556, vi, [21.0, 37.55555555555556, 89.0, 9]
37.8, 50/50 throws, [18.0, 37.8, 58.0, 5]
37.833333333333336, defensive newcomer, [12.0, 37.833333333333336, 86.0, 6]
38.0, bull-rusher, [3.0, 38.0, 67.0, 6]
38.0, second-team big, [8.0, 38.0, 80.0, 5]
38.333333333333336, all-midwest honors, [1.0, 38.333333333333336, 67.0, 6]
38.5, listed second, [5.0, 38.5, 78.0, 6]
38.6, last past, [21.0, 38.6, 65.0, 5]
38.857142857142854, tennis, [5.0, 38.857142857142854, 77.0, 7]
39.4, --name-- more, [2.0, 39.4, 62.0, 5]
39.857142857142854, elite defensive, [18.0, 39.857142857142854, 67.0, 7]
40.666666666666664, five-star rating, [8.0, 40.666666666666664, 57.0, 6]
40.8, around corner, [8.0, 40.8, 79.0, 5]
41.0, fort wayne, [41.0, 41.0, 41.0, 7]
41.0, great top-end, [10.0, 41.0, 64.0, 5]
41.6, or defensive, [18.0, 41.6, 65.0, 5]
41.8, running threat, [8.0, 41.8, 57.0, 5]
42.0, before losing, [1.0, 42.0, 75.0, 7]
42.0, talented youngster, [12.0, 42.0, 78.0, 6]
42.6, popping, [7.0, 42.6, 77.0, 5]
43.0, should go, [7.0, 43.0, 70.0, 5]
43.42857142857143, elite foot, [12.0, 43.42857142857143, 82.0, 7]
43.6, too content, [19.0, 43.6, 85.0, 5]
43.8, also appeared, [26.0, 43.8, 61.0, 5]
45.0, "leo", [6.0, 45.0, 71.0, 5]
45.0, kauai, [45.0, 45.0, 45.0, 5]
45.0, kif, [45.0, 45.0, 45.0, 6]
45.0, miss", [12.0, 45.0, 73.0, 5]
45.6, team's second-leading, [34.0, 45.6, 76.0, 5]
45.8, 1-2 top, [20.0, 45.8, 83.0, 5]
45.8, named usa, [38.0, 45.8, 56.0, 5]
45.833333333333336, tackles 4, [17.0, 45.833333333333336, 87.0, 6]
46.0, 25 contests, [13.0, 46.0, 62.0, 5]
46.4, 24 receptions, [20.0, 46.4, 76.0, 5]
46.4, godfrey, [17.0, 46.4, 66.0, 5]
46.6, back surgery, [23.0, 46.6, 58.0, 5]
46.833333333333336, through double, [21.0, 46.833333333333336, 86.0, 6]
47.4, knocked around, [24.0, 47.4, 89.0, 5]
47.4, school wrestler, [27.0, 47.4, 72.0, 5]
47.4, tackles 51, [32.0, 47.4, 92.0, 5]
47.6, settle underneath, [30.0, 47.6, 73.0, 5]
47.666666666666664, federation, [45.0, 47.666666666666664, 49.0, 6]
47.666666666666664, interscholastic federation, [45.0, 47.666666666666664, 49.0, 6]
47.833333333333336, 1994, [2.0, 47.833333333333336, 71.0, 6]
47.833333333333336, nation's defensive, [24.0, 47.833333333333336, 88.0, 6]
48.0, hand extension, [24.0, 48.0, 66.0, 5]
48.2, caused some, [17.0, 48.2, 90.0, 5]
48.2, quarterback sack, [14.0, 48.2, 77.0, 5]
48.4, --name--s, [21.0, 48.4, 79.0, 5]
48.4, cu, [45.0, 48.4, 62.0, 5]
48.4, under tackle, [9.0, 48.4, 82.0, 5]
49.333333333333336, union super, [11.0, 49.333333333333336, 77.0, 6]
49.5, rare-sized frame, [19.0, 49.5, 76.0, 8]
49.6, gap integrity, [24.0, 49.6, 91.0, 5]
49.8, 440 yards, [30.0, 49.8, 82.0, 5]
49.8, corona, [13.0, 49.8, 59.0, 5]
50.2, against both, [25.0, 50.2, 77.0, 5]
50.2, freshman rushing, [4.0, 50.2, 73.0, 5]
50.4, against receivers, [20.0, 50.4, 62.0, 5]
51.0, career while, [38.0, 51.0, 91.0, 5]
51.2, state oklahoma, [10.0, 51.2, 82.0, 5]
51.666666666666664, recruiting report, [16.0, 51.666666666666664, 82.0, 6]
51.8, nfl-quality, [22.0, 51.8, 74.0, 5]
52.0, times union, [11.0, 52.0, 77.0, 8]
52.0, when standing, [16.0, 52.0, 81.0, 5]
52.2, 'big, [49.0, 52.2, 65.0, 5]
52.2, gambler, [25.0, 52.2, 84.0, 5]
52.5, 2003: underwent, [17.0, 52.5, 73.0, 6]
52.8, 62-yard, [30.0, 52.8, 73.0, 5]
52.857142857142854, bends his, [16.0, 52.857142857142854, 77.0, 7]
53.0, fumble returns, [25.0, 53.0, 86.0, 7]
53.6, 142-yard, [41.0, 53.6, 80.0, 5]
53.6, yards 142-yard, [41.0, 53.6, 80.0, 5]
53.666666666666664, gets high, [25.0, 53.666666666666664, 82.0, 6]
53.8, collision-type tackler, [25.0, 53.8, 90.0, 5]
54.0, all-metro north, [54.0, 54.0, 54.0, 6]
54.2, underwent right, [28.0, 54.2, 90.0, 5]
54.333333333333336, bit raw, [20.0, 54.333333333333336, 83.0, 6]
54.6, 100 players, [24.0, 54.6, 86.0, 10]
54.8, declined, [29.0, 54.8, 103.0, 5]
54.833333333333336, upfield quickly, [33.0, 54.833333333333336, 97.0, 6]
55.6, record-breaking, [27.0, 55.6, 89.0, 5]
56.142857142857146, 440, [30.0, 56.142857142857146, 99.0, 7]
56.6, club's, [23.0, 56.6, 74.0, 5]
57.0, about --name--'s, [21.0, 57.0, 92.0, 5]
57.0, i just, [26.0, 57.0, 93.0, 12]
57.0, stabbed, [57.0, 57.0, 57.0, 5]
57.888888888888886, pool, [22.0, 57.888888888888886, 82.0, 9]
58.0, strong-side cornerback, [16.0, 58.0, 86.0, 7]
58.142857142857146, guard's, [12.0, 58.142857142857146, 81.0, 7]
58.333333333333336, entry junior, [24.0, 58.333333333333336, 96.0, 6]
58.4, interceptions nine, [43.0, 58.4, 64.0, 5]
58.666666666666664, uw, [38.0, 58.666666666666664, 100.0, 6]
59.0, 419, [46.0, 59.0, 74.0, 5]
59.75, collision-type, [25.0, 59.75, 90.0, 8]
60.2, junior championships, [34.0, 60.2, 78.0, 5]
61.0, florida game, [29.0, 61.0, 97.0, 6]
61.2, good things, [29.0, 61.2, 97.0, 5]
61.6, up tackles, [39.0, 61.6, 88.0, 5]
62.0, kick-coverage units, [16.0, 62.0, 88.0, 5]
62.166666666666664, coach's decision, [24.0, 62.166666666666664, 79.0, 6]
62.625, 47 passes, [36.0, 62.625, 102.0, 8]
62.666666666666664, mercury, [36.0, 62.666666666666664, 101.0, 6]
63.0, 700 yards, [48.0, 63.0, 82.0, 6]
63.2, play cornerback, [30.0, 63.2, 98.0, 5]
63.8, no reason, [35.0, 63.8, 94.0, 5]
64.0, mobile register, [23.0, 64.0, 92.0, 6]
64.2, flush, [29.0, 64.2, 93.0, 5]
64.5, suffered broken, [26.0, 64.5, 77.0, 6]
65.66666666666667, all-broward, [63.0, 65.66666666666667, 71.0, 6]
65.66666666666667, all-dade, [60.0, 65.66666666666667, 81.0, 6]
65.66666666666667, all-dade county, [60.0, 65.66666666666667, 81.0, 6]
65.66666666666667, florida times, [60.0, 65.66666666666667, 77.0, 6]
66.0, 19 kickoff, [42.0, 66.0, 86.0, 5]
66.0, delaware state, [66.0, 66.0, 66.0, 5]
66.0, norfolk state, [66.0, 66.0, 66.0, 5]
66.4, edsall, [63.0, 66.4, 80.0, 5]
66.66666666666667, short side, [23.0, 66.66666666666667, 96.0, 6]
67.2, ball location, [33.0, 67.2, 102.0, 5]
67.8, footed, [45.0, 67.8, 100.0, 5]
67.83333333333333, complete player, [34.0, 67.83333333333333, 104.0, 6]
68.33333333333333, time there, [41.0, 68.33333333333333, 107.0, 6]
68.83333333333333, more catches, [29.0, 68.83333333333333, 91.0, 6]
69.0, slower blockers, [32.0, 69.0, 88.0, 5]
69.2, more stops, [35.0, 69.2, 106.0, 5]
69.33333333333333, 234, [53.0, 69.33333333333333, 86.0, 6]
69.9, 13 scores, [42.0, 69.9, 98.0, 10]
70.0, changed his, [51.0, 70.0, 94.0, 5]
70.4, 463, [45.0, 70.4, 111.0, 5]
70.6, asks, [55.0, 70.6, 105.0, 5]
70.6, while intercepting, [33.0, 70.6, 104.0, 5]
71.4, second-level defender, [48.0, 71.4, 95.0, 5]
71.5, dominated his, [39.0, 71.5, 89.0, 6]
71.6, mathis, [43.0, 71.6, 103.0, 5]
71.8, worn down, [49.0, 71.8, 94.0, 5]
72.57142857142857, 4 1/2, [50.0, 72.57142857142857, 118.0, 7]
72.66666666666667, county selection, [57.0, 72.66666666666667, 97.0, 6]
73.0, three-time all-district, [51.0, 73.0, 101.0, 5]
73.2, him fifth, [55.0, 73.2, 106.0, 5]
74.0, posluszny, [74.0, 74.0, 74.0, 9]
74.0, strath, [74.0, 74.0, 74.0, 5]
74.0, strath haven, [74.0, 74.0, 74.0, 5]
74.33333333333333, 850 yards, [68.0, 74.33333333333333, 81.0, 6]
74.6, tackles 165, [20.0, 74.6, 94.0, 5]
74.83333333333333, norfolk, [66.0, 74.83333333333333, 119.0, 6]
75.42857142857143, wrist surgery, [53.0, 75.42857142857143, 110.0, 7]
75.6, all 52, [42.0, 75.6, 113.0, 5]
75.8, broken bones, [59.0, 75.8, 107.0, 5]
75.8, productive performer, [52.0, 75.8, 96.0, 5]
76.8, injuries have, [56.0, 76.8, 98.0, 5]
77.16666666666667, converted receiver, [58.0, 77.16666666666667, 110.0, 6]
78.2, caught 47, [37.0, 78.2, 102.0, 5]
78.4, quickness than, [54.0, 78.4, 99.0, 5]
79.8, lions', [51.0, 79.8, 112.0, 5]
79.83333333333333, ability --name--, [50.0, 79.83333333333333, 124.0, 6]
80.0, or less, [45.0, 80.0, 106.0, 5]
80.0, while deflecting, [43.0, 80.0, 117.0, 5]
80.42857142857143, 850, [68.0, 80.42857142857143, 117.0, 7]
80.6, rimington award, [71.0, 80.6, 107.0, 5]
80.8, his 28, [43.0, 80.8, 103.0, 5]
81.0, upfield but, [58.0, 81.0, 122.0, 5]
81.2, i saw, [47.0, 81.2, 117.0, 5]
82.0, brent, [46.0, 82.0, 116.0, 7]
82.33333333333333, stay off, [52.0, 82.33333333333333, 113.0, 6]
82.6, field than, [60.0, 82.6, 127.0, 5]
82.8, 14 tds, [39.0, 82.8, 103.0, 5]
83.83333333333333, school track, [50.0, 83.83333333333333, 124.0, 6]
84.6, route refinement, [61.0, 84.6, 106.0, 5]
84.83333333333333, underwent shoulder, [73.0, 84.83333333333333, 114.0, 6]
85.0, today first-team, [75.0, 85.0, 103.0, 5]
85.2, season came, [55.0, 85.2, 129.0, 5]
85.8, either guard, [50.0, 85.8, 121.0, 5]
86.0, buffalo grove, [86.0, 86.0, 86.0, 6]
86.57142857142857, area player, [54.0, 86.57142857142857, 126.0, 7]
86.6, pocket coming, [54.0, 86.6, 123.0, 5]
86.66666666666667, honolulu advertiser, [52.0, 86.66666666666667, 104.0, 6]
87.57142857142857, scores vs, [73.0, 87.57142857142857, 97.0, 7]
88.0, declaring, [64.0, 88.0, 112.0, 5]
88.2, blitzer off, [50.0, 88.2, 119.0, 5]
88.6, zone coverage?s, [71.0, 88.6, 111.0, 5]
88.66666666666667, 32nd, [48.0, 88.66666666666667, 103.0, 6]
90.6, 506, [62.0, 90.6, 121.0, 5]
90.6, 506 yards, [62.0, 90.6, 121.0, 5]
91.33333333333333, news daily, [72.0, 91.33333333333333, 118.0, 6]
91.4, 36 receptions, [53.0, 91.4, 121.0, 5]
92.0, global junior, [58.0, 92.0, 113.0, 7]
92.2, 15 punt, [68.0, 92.2, 117.0, 5]
92.2, off-field incident, [74.0, 92.2, 100.0, 5]
92.4, --name-- responded, [63.0, 92.4, 118.0, 5]
92.4, job running, [55.0, 92.4, 128.0, 5]
92.4, savvy enough, [53.0, 92.4, 116.0, 5]
93.0, derrick williams, [91.0, 93.0, 101.0, 5]
93.2, finishes runs, [71.0, 93.2, 130.0, 5]
94.4, paul's, [68.0, 94.4, 131.0, 5]
94.57142857142857, helped himself, [63.0, 94.57142857142857, 132.0, 7]
94.8, collected 75, [68.0, 94.8, 126.0, 5]
95.0, bayou, [67.0, 95.0, 137.0, 5]
95.2, register super, [77.0, 95.2, 138.0, 5]
95.57142857142857, graham, [59.0, 95.57142857142857, 121.0, 7]
96.8, effective between, [73.0, 96.8, 123.0, 5]
97.0, all-conference all-county, [66.0, 97.0, 123.0, 5]
97.33333333333333, nelson, [60.0, 97.33333333333333, 119.0, 6]
97.4, want but, [76.0, 97.4, 125.0, 5]
101.0, receiver had, [86.0, 101.0, 119.0, 5]
102.2, 1600-meter, [99.0, 102.2, 106.0, 5]
102.2, 1600-meter relays, [99.0, 102.2, 106.0, 5]
102.5, fibula fracture, [71.0, 102.5, 130.0, 8]
102.66666666666667, daily press, [72.0, 102.66666666666667, 118.0, 6]
102.66666666666667, press all-star, [72.0, 102.66666666666667, 118.0, 6]
103.16666666666667, or fluid, [60.0, 103.16666666666667, 131.0, 6]
103.8, three varsity, [79.0, 103.8, 149.0, 5]
105.57142857142857, leg fracture, [60.0, 105.57142857142857, 128.0, 7]
108.0, 400-, [79.0, 108.0, 128.0, 6]
108.0, southwest, [78.0, 108.0, 144.0, 12]
108.4, 48 receptions, [87.0, 108.4, 126.0, 5]
108.8, 37th-best, [92.0, 108.8, 124.0, 5]
108.83333333333333, 18 solos, [79.0, 108.83333333333333, 146.0, 6]
109.0, been his, [76.0, 109.0, 141.0, 6]
110.16666666666667, registered 11, [69.0, 110.16666666666667, 143.0, 6]
110.8, pcl, [89.0, 110.8, 132.0, 5]
110.83333333333333, demon deacons, [96.0, 110.83333333333333, 118.0, 6]
111.0, scout round, [84.0, 111.0, 140.0, 6]
111.4, southeast texas, [73.0, 111.4, 121.0, 5]
111.57142857142857, beaumont, [105.0, 111.57142857142857, 121.0, 7]
111.6, i'm going, [93.0, 111.6, 152.0, 5]
112.33333333333333, wrist fracture, [76.0, 112.33333333333333, 137.0, 6]
113.0, cabrillo, [113.0, 113.0, 113.0, 6]
113.0, cabrillo college, [113.0, 113.0, 113.0, 6]
113.0, ontario, [113.0, 113.0, 113.0, 9]
113.8, deacons, [102.0, 113.8, 118.0, 5]
114.33333333333333, evangel christian, [69.0, 114.33333333333333, 137.0, 6]
114.6, all-area pick, [85.0, 114.6, 144.0, 5]
114.8, duties ranking, [86.0, 114.8, 128.0, 5]
116.2, receiving radius, [87.0, 116.2, 156.0, 5]
116.6, tough interception, [93.0, 116.6, 134.0, 5]
117.57142857142857, evangel, [69.0, 117.57142857142857, 137.0, 7]
117.66666666666667, hillsborough, [97.0, 117.66666666666667, 159.0, 6]
117.66666666666667, hillsborough county, [97.0, 117.66666666666667, 159.0, 6]
118.2, ridge, [103.0, 118.2, 131.0, 5]
118.8, not adequate, [93.0, 118.8, 152.0, 5]
120.83333333333333, works team, [98.0, 120.83333333333333, 147.0, 6]
120.88888888888889, lg, [89.0, 120.88888888888889, 143.0, 9]
121.0, college all-american, [90.0, 121.0, 142.0, 6]
121.8, minority, [85.0, 121.8, 147.0, 5]
122.2, all-mwc first-team, [104.0, 122.2, 137.0, 5]
123.2, pile or, [89.0, 123.2, 145.0, 5]
124.8, scrimmage two, [90.0, 124.8, 151.0, 5]
125.0, sidbury, [125.0, 125.0, 125.0, 10]
125.875, 575, [91.0, 125.875, 151.0, 8]
127.4, jackson --name--, [75.0, 127.4, 145.0, 5]
127.83333333333333, scored 12, [88.0, 127.83333333333333, 151.0, 6]
129.0, january 2006, [86.0, 129.0, 153.0, 5]
129.16666666666666, games there, [86.0, 129.16666666666666, 159.0, 6]
129.2, closes well, [92.0, 129.2, 166.0, 5]
129.4, 56 passes, [87.0, 129.4, 160.0, 5]
129.66666666666666, interior defenders, [97.0, 129.66666666666666, 157.0, 6]
130.0, rummel, [120.0, 130.0, 135.0, 6]
130.2, than five, [117.0, 130.2, 164.0, 5]
130.6, "i'll, [99.0, 130.6, 156.0, 5]
131.4, missed six, [109.0, 131.4, 160.0, 5]
134.4, 28 returns, [86.0, 134.4, 157.0, 5]
135.33333333333334, senior leading, [92.0, 135.33333333333334, 158.0, 6]
135.4, press man, [106.0, 135.4, 154.0, 5]
135.83333333333334, while getting, [112.0, 135.83333333333334, 170.0, 6]
136.66666666666666, region ii, [123.0, 136.66666666666666, 164.0, 6]
137.0, first-team all-caa, [114.0, 137.0, 171.0, 5]
137.33333333333334, subpar, [119.0, 137.33333333333334, 181.0, 6]
137.6, approached, [123.0, 137.6, 155.0, 5]
140.25, adding all-area, [131.0, 140.25, 151.0, 8]
140.6, two-star prospect, [113.0, 140.6, 162.0, 5]
140.66666666666666, adding all-conference, [115.0, 140.66666666666666, 171.0, 6]
142.6, elude blockers, [104.0, 142.6, 157.0, 5]
143.875, all-caa, [114.0, 143.875, 171.0, 8]
145.2, stockton, [126.0, 145.2, 174.0, 5]
146.0, kiski, [146.0, 146.0, 146.0, 8]
146.0, kiski area, [146.0, 146.0, 146.0, 6]
146.6, durant, [97.0, 146.6, 159.0, 5]
146.85714285714286, while throwing, [137.0, 146.85714285714286, 160.0, 7]
147.4, year adding, [111.0, 147.4, 177.0, 5]
148.0, coverage underneath, [117.0, 148.0, 184.0, 5]
149.8, excellent instincts, [126.0, 149.8, 166.0, 5]
150.2, coach pat, [111.0, 150.2, 184.0, 5]
150.33333333333334, better timing, [115.0, 150.33333333333334, 186.0, 6]
151.0, "class, [127.0, 151.0, 198.0, 6]
151.0, all-district recognition, [151.0, 151.0, 151.0, 6]
151.0, commonwealth", [127.0, 151.0, 198.0, 6]
151.16666666666666, 705, [122.0, 151.16666666666666, 176.0, 6]
151.4, 3 prospect, [143.0, 151.4, 159.0, 5]
152.0, playing down, [123.0, 152.0, 185.0, 5]
152.6, pensacola, [133.0, 152.6, 190.0, 5]
155.6, nerve damage, [130.0, 155.6, 194.0, 5]
156.0, playaction, [132.0, 156.0, 189.0, 6]
156.2, blocking out, [122.0, 156.2, 178.0, 5]
156.2, returning four, [147.0, 156.2, 183.0, 5]
157.0, throwing hand, [137.0, 157.0, 178.0, 5]
157.0, which results, [138.0, 157.0, 175.0, 5]
157.66666666666666, downed, [142.0, 157.66666666666666, 168.0, 6]
157.66666666666666, downed inside, [142.0, 157.66666666666666, 168.0, 6]
158.4, distractions, [131.0, 158.4, 178.0, 5]
160.0, posting six, [138.0, 160.0, 175.0, 5]
160.57142857142858, lisfranc, [113.0, 160.57142857142858, 185.0, 7]
160.6, --name-- handled, [118.0, 160.6, 178.0, 5]
161.16666666666666, southern conference, [142.0, 161.16666666666666, 177.0, 6]
161.2, dawson, [144.0, 161.2, 176.0, 5]
161.4, team's mvp, [125.0, 161.4, 186.0, 5]
161.8, discus throw, [136.0, 161.8, 207.0, 5]
162.14285714285714, guy award, [142.0, 162.14285714285714, 179.0, 7]
162.875, ray guy, [142.0, 162.875, 179.0, 8]
163.75, net average, [142.0, 163.75, 168.0, 8]
164.4, complementary back, [138.0, 164.4, 186.0, 5]
164.4, star conference, [140.0, 164.4, 201.0, 5]
165.2, ranked 51st, [138.0, 165.2, 181.0, 5]
166.28571428571428, 58 touchdowns, [136.0, 166.28571428571428, 202.0, 7]
166.4, 100m, [153.0, 166.4, 184.0, 5]
167.2, kickoff specialist, [161.0, 167.2, 177.0, 5]
167.2, then switched, [151.0, 167.2, 195.0, 5]
169.16666666666666, mary's, [139.0, 169.16666666666666, 179.0, 6]
169.8, thick tight, [140.0, 169.8, 203.0, 5]
170.0, two-step, [159.0, 170.0, 191.0, 5]
170.2, ivy, [158.0, 170.2, 207.0, 5]
170.2, ivy league, [158.0, 170.2, 207.0, 5]
171.2, locating his, [137.0, 171.2, 198.0, 5]
171.8, 414, [146.0, 171.8, 199.0, 5]
172.8, went down, [159.0, 172.8, 187.0, 5]
173.33333333333334, uprights, [166.0, 173.33333333333334, 177.0, 6]
174.4, tcu's, [137.0, 174.4, 197.0, 5]
175.2, positional blocker, [149.0, 175.2, 201.0, 5]
175.33333333333334, decision-maker, [152.0, 175.33333333333334, 209.0, 6]
175.6, top athletes, [149.0, 175.6, 218.0, 5]
176.0, 193 yards, [138.0, 176.0, 209.0, 5]
177.0, 2003 class, [135.0, 177.0, 197.0, 5]
180.0, wrong foot, [156.0, 180.0, 198.0, 5]
180.8, directional punting, [164.0, 180.8, 192.0, 5]
181.0, three-time all-region, [161.0, 181.0, 216.0, 6]
181.4, --name-- told, [159.0, 181.4, 217.0, 5]
183.0, 4x100 meter, [166.0, 183.0, 204.0, 5]
183.42857142857142, earned all-league, [162.0, 183.42857142857142, 204.0, 7]
184.0, yosemite, [184.0, 184.0, 184.0, 6]
184.0, yosemite league, [184.0, 184.0, 184.0, 6]
185.0, hartnell, [164.0, 185.0, 227.0, 6]
186.0, golf, [172.0, 186.0, 207.0, 5]
187.0, play'making, [137.0, 187.0, 207.0, 5]
187.6, leaving him, [150.0, 187.6, 211.0, 5]
188.2, adequate explosion, [148.0, 188.2, 216.0, 5]
188.2, extra-point attempts, [172.0, 188.2, 235.0, 5]
191.5, meter relay, [166.0, 191.5, 227.0, 6]
193.4, duck-footed, [154.0, 193.4, 226.0, 5]
193.6, honorary, [180.0, 193.6, 197.0, 5]
193.6, honorary captain, [180.0, 193.6, 197.0, 5]
197.4, man across, [168.0, 197.4, 223.0, 5]
198.6, only 19, [164.0, 198.6, 234.0, 5]
200.6, southern utah, [157.0, 200.6, 225.0, 5]
201.66666666666666, play'-action, [183.0, 201.66666666666666, 222.0, 6]
203.2, 37 touchdowns, [179.0, 203.2, 228.0, 5]
204.0, got too, [156.0, 204.0, 223.0, 5]
205.0, production --name--, [174.0, 205.0, 238.0, 5]
205.4, quick or, [173.0, 205.4, 233.0, 5]
206.2, medium-range, [196.0, 206.2, 223.0, 5]
206.2, short-, [196.0, 206.2, 223.0, 5]
206.4, more you, [170.0, 206.4, 232.0, 5]
206.5, distance average, [178.0, 206.5, 235.0, 8]
207.375, fair catches, [168.0, 207.375, 235.0, 8]
209.0, moines register, [188.0, 209.0, 237.0, 6]
209.0, school did, [159.0, 209.0, 224.0, 5]
210.8, backup 4-3, [162.0, 210.8, 233.0, 5]
211.6, kicker who, [175.0, 211.6, 235.0, 5]
214.0, des, [188.0, 214.0, 244.0, 7]
214.0, des moines, [188.0, 214.0, 244.0, 7]
214.0, moines, [188.0, 214.0, 244.0, 7]
214.8, recorded 117, [179.0, 214.8, 249.0, 5]
218.2, enough leg, [166.0, 218.2, 235.0, 5]
224.0, chabot, [224.0, 224.0, 224.0, 5]
232.0, misc:, [205.0, 232.0, 256.0, 6]
236.8, weber, [204.0, 236.8, 248.0, 10]
242.4, comments, [236.0, 242.4, 244.0, 5]
248.0, weber said, [248.0, 248.0, 248.0, 7]
250.0, lynchburg, [250.0, 250.0, 250.0, 5]
