2.0, all-central virginia, [2.0, 2.0, 2.0, 4]
2.0, first-team all-central, [2.0, 2.0, 2.0, 4]
2.0, virginia defensive, [2.0, 2.0, 2.0, 4]
2.5, report rated, [1.0, 2.5, 4.0, 4]
3.0, all-south choice, [2.0, 3.0, 4.0, 4]
3.0, news top, [2.0, 3.0, 4.0, 4]
3.0, top-five pick, [2.0, 3.0, 4.0, 4]
3.0, year ea, [1.0, 3.0, 5.0, 4]
3.3333333333333335, both scoutcom, [1.0, 3.3333333333333335, 8.0, 6]
5.0, all-american player, [5.0, 5.0, 5.0, 4]
5.0, all-south coast, [5.0, 5.0, 5.0, 4]
5.0, margarita, [5.0, 5.0, 5.0, 4]
5.0, santa margarita, [5.0, 5.0, 5.0, 4]
6.0, 40-inch, [5.0, 6.0, 7.0, 4]
6.0, 40-inch vertical, [5.0, 6.0, 7.0, 4]
6.533333333333333, 1 top, [1.0, 6.533333333333333, 18.0, 15]
7.0, 2005 state, [1.0, 7.0, 13.0, 4]
7.0, mcdonogh, [7.0, 7.0, 7.0, 4]
7.285714285714286, top-five, [2.0, 7.285714285714286, 16.0, 7]
7.666666666666667, herschel, [4.0, 7.666666666666667, 12.0, 6]
7.666666666666667, herschel walker, [4.0, 7.666666666666667, 12.0, 6]
9.0, 11 camp, [1.0, 9.0, 17.0, 4]
10.0, prospect ranking, [10.0, 10.0, 10.0, 4]
10.333333333333334, register all-orange, [5.0, 10.333333333333334, 21.0, 6]
11.0, shifts, [1.0, 11.0, 22.0, 4]
11.0, ware county, [11.0, 11.0, 11.0, 4]
11.0, william penn, [3.0, 11.0, 19.0, 4]
12.0, 90%, [1.0, 12.0, 23.0, 4]
12.0, grading over, [1.0, 12.0, 23.0, 4]
12.0, over 90%, [1.0, 12.0, 23.0, 4]
12.0, prototypical left, [6.0, 12.0, 23.0, 4]
12.0, shore up, [6.0, 12.0, 19.0, 4]
13.0, times all-orange, [5.0, 13.0, 21.0, 4]
13.0, underclass second-team, [5.0, 13.0, 21.0, 4]
13.5, d'brickashaw, [8.0, 13.5, 24.0, 4]
13.5, undisputed, [4.0, 13.5, 18.0, 4]
14.0, all-usa team, [13.0, 14.0, 15.0, 4]
14.0, lineman mvp, [7.0, 14.0, 28.0, 6]
14.0, numerous recruiting, [8.0, 14.0, 20.0, 4]
14.0, register's super, [4.0, 14.0, 24.0, 4]
14.5, scrimmage adding, [4.0, 14.5, 24.0, 4]
15.0, honors vs, [14.0, 15.0, 17.0, 4]
15.0, star's top, [13.0, 15.0, 17.0, 4]
15.5, howie, [2.0, 15.5, 20.0, 4]
15.5, third-best overall, [12.0, 15.5, 19.0, 4]
16.0, all-scc, [16.0, 16.0, 16.0, 6]
16.0, all-scc aurora, [16.0, 16.0, 16.0, 4]
16.0, aurora, [16.0, 16.0, 16.0, 5]
16.0, aurora beacon-news, [16.0, 16.0, 16.0, 4]
16.0, beacon-news, [16.0, 16.0, 16.0, 4]
16.0, beacon-news all-area, [16.0, 16.0, 16.0, 4]
16.0, daily herald, [16.0, 16.0, 16.0, 4]
16.0, herald tri-city, [16.0, 16.0, 16.0, 4]
16.0, tri-city, [16.0, 16.0, 16.0, 6]
16.0, tri-city all-area, [16.0, 16.0, 16.0, 4]
17.0, athletic coaches, [11.0, 17.0, 23.0, 4]
17.0, class iv, [17.0, 17.0, 17.0, 4]
17.0, grandview, [17.0, 17.0, 17.0, 6]
17.4, 1 --name--, [9.0, 17.4, 33.0, 5]
17.5, sacks plus, [7.0, 17.5, 28.0, 4]
17.5, underclass all-cif, [7.0, 17.5, 28.0, 4]
17.666666666666668, all-metro team, [11.0, 17.666666666666668, 25.0, 6]
17.666666666666668, second-team all-cif, [5.0, 17.666666666666668, 27.0, 6]
18.0, jersey touchdown, [18.0, 18.0, 18.0, 4]
18.0, lifter, [3.0, 18.0, 24.0, 4]
18.25, costly fumbles, [11.0, 18.25, 23.0, 4]
18.428571428571427, shore, [6.0, 18.428571428571427, 27.0, 7]
18.666666666666668, 15 cal-hi, [7.0, 18.666666666666668, 28.0, 6]
18.666666666666668, all-state all-cif, [7.0, 18.666666666666668, 28.0, 6]
18.666666666666668, news hot, [7.0, 18.666666666666668, 28.0, 6]
19.0, 2002 while, [10.0, 19.0, 28.0, 4]
19.0, steals per, [19.0, 19.0, 19.0, 4]
19.25, convinced him, [15.0, 19.25, 28.0, 4]
20.0, area defensive, [11.0, 20.0, 29.0, 4]
20.5, caught 58, [19.0, 20.5, 22.0, 4]
20.5, named area, [11.0, 20.5, 30.0, 4]
21.0, division vi, [21.0, 21.0, 21.0, 6]
21.0, marcos, [21.0, 21.0, 21.0, 6]
21.0, san marcos, [21.0, 21.0, 21.0, 6]
21.0, vi los, [21.0, 21.0, 21.0, 4]
21.25, mcfarland, [13.0, 21.25, 24.0, 4]
22.0, landstown, [22.0, 22.0, 22.0, 4]
22.0, pac-10 defensive, [7.0, 22.0, 27.0, 4]
22.0, trainers, [22.0, 22.0, 22.0, 4]
23.0, briarcrest, [23.0, 23.0, 23.0, 4]
23.0, regional title, [11.0, 23.0, 35.0, 4]
23.5, which rated, [23.0, 23.5, 24.0, 4]
24.5, 100 tom, [21.0, 24.5, 28.0, 4]
24.5, star student, [21.0, 24.5, 28.0, 4]
25.0, dciaa, [25.0, 25.0, 25.0, 4]
25.0, dunbar, [25.0, 25.0, 25.0, 4]
26.5, --name-- established, [19.0, 26.5, 39.0, 4]
26.5, report scoutcom, [15.0, 26.5, 38.0, 4]
26.5, some off-the-field, [20.0, 26.5, 44.0, 4]
26.75, examined, [19.0, 26.75, 37.0, 4]
28.0, included seven, [24.0, 28.0, 32.0, 5]
28.0, inglewood, [28.0, 28.0, 28.0, 4]
28.0, up all-league, [28.0, 28.0, 28.0, 4]
28.0, yourself, [28.0, 28.0, 28.0, 4]
29.5, 1000 all-purpose, [25.0, 29.5, 34.0, 4]
29.833333333333332, first-team squads, [21.0, 29.833333333333332, 39.0, 6]
31.25, breakups including, [25.0, 31.25, 45.0, 4]
31.5, slump, [28.0, 31.5, 37.0, 4]
32.0, 1000 career, [23.0, 32.0, 41.0, 4]
32.0, 13-1 record, [22.0, 32.0, 42.0, 5]
32.0, rumpf, [32.0, 32.0, 32.0, 4]
33.5, post all-metro, [25.0, 33.5, 42.0, 4]
35.25, spurning scholarship, [23.0, 35.25, 47.0, 4]
36.0, flint hills, [36.0, 36.0, 36.0, 4]
36.0, hills player, [36.0, 36.0, 36.0, 4]
36.25, 118 catches, [34.0, 36.25, 39.0, 4]
36.25, werner, [25.0, 36.25, 40.0, 4]
36.5, minnesota class, [35.0, 36.5, 38.0, 4]
37.25, ryans, [37.0, 37.25, 38.0, 4]
37.5, safety wide, [33.0, 37.5, 42.0, 4]
38.0, eureka, [38.0, 38.0, 38.0, 4]
38.0, garfield, [31.0, 38.0, 45.0, 4]
38.0, second-leading tackler, [34.0, 38.0, 42.0, 4]
38.0, three-time all-conference, [38.0, 38.0, 38.0, 4]
38.5, slaton, [22.0, 38.5, 44.0, 4]
38.5, steve slaton, [22.0, 38.5, 44.0, 4]
39.75, jar offensive, [31.0, 39.75, 53.0, 4]
41.0, broward, [41.0, 41.0, 41.0, 4]
41.0, broward county, [41.0, 41.0, 41.0, 4]
41.0, fort wayne, [41.0, 41.0, 41.0, 7]
41.5, 1331, [38.0, 41.5, 45.0, 4]
42.5, 10-member, [38.0, 42.5, 47.0, 4]
42.5, 10-member super, [38.0, 42.5, 47.0, 4]
42.5, minneapolis star-tribune, [38.0, 42.5, 47.0, 4]
42.5, star-tribune, [38.0, 42.5, 47.0, 4]
43.5, state while, [42.0, 43.5, 48.0, 4]
44.0, daphne, [44.0, 44.0, 44.0, 4]
45.0, kauai, [45.0, 45.0, 45.0, 5]
45.0, kif, [45.0, 45.0, 45.0, 6]
45.8, named usa, [38.0, 45.8, 56.0, 5]
47.0, his wrestling, [47.0, 47.0, 47.0, 4]
47.666666666666664, federation, [45.0, 47.666666666666664, 49.0, 6]
47.666666666666664, interscholastic federation, [45.0, 47.666666666666664, 49.0, 6]
48.4, cu, [45.0, 48.4, 62.0, 5]
49.0, island interscholastic, [49.0, 49.0, 49.0, 4]
50.0, 1834, [50.0, 50.0, 50.0, 4]
51.0, 23 points, [41.0, 51.0, 61.0, 4]
51.5, earning kentucky, [47.0, 51.5, 56.0, 4]
51.5, nation's 11th-best, [50.0, 51.5, 53.0, 4]
52.0, dade-broward all-star, [41.0, 52.0, 63.0, 4]
52.2, 'big, [49.0, 52.2, 65.0, 5]
53.0, texas 4a, [53.0, 53.0, 53.0, 4]
53.25, before coming, [37.0, 53.25, 59.0, 4]
54.0, all-metro north, [54.0, 54.0, 54.0, 6]
54.0, third-team class, [54.0, 54.0, 54.0, 4]
54.0, west", [49.0, 54.0, 59.0, 4]
55.0, added team, [55.0, 55.0, 55.0, 4]
56.5, adidas, [56.0, 56.5, 57.0, 4]
57.0, all-berks, [57.0, 57.0, 57.0, 4]
57.0, all-berks county, [57.0, 57.0, 57.0, 4]
57.0, first-team all-berks, [57.0, 57.0, 57.0, 4]
57.0, stabbed, [57.0, 57.0, 57.0, 5]
58.4, interceptions nine, [43.0, 58.4, 64.0, 5]
60.0, first-team all-greater, [53.0, 60.0, 67.0, 4]
63.0, all-broward county, [63.0, 63.0, 63.0, 4]
63.5, 2002 state, [56.0, 63.5, 71.0, 4]
63.5, medal, [52.0, 63.5, 73.0, 4]
65.0, kaczur, [65.0, 65.0, 65.0, 4]
65.5, javelin, [57.0, 65.5, 74.0, 4]
65.66666666666667, all-broward, [63.0, 65.66666666666667, 71.0, 6]
65.66666666666667, all-dade, [60.0, 65.66666666666667, 81.0, 6]
65.66666666666667, all-dade county, [60.0, 65.66666666666667, 81.0, 6]
65.66666666666667, florida times, [60.0, 65.66666666666667, 77.0, 6]
66.0, delaware state, [66.0, 66.0, 66.0, 5]
66.0, norfolk state, [66.0, 66.0, 66.0, 5]
66.4, edsall, [63.0, 66.4, 80.0, 5]
67.0, first-team all-broward, [63.0, 67.0, 71.0, 4]
67.5, eighth-best prospect, [59.0, 67.5, 76.0, 4]
71.0, lead them, [57.0, 71.0, 77.0, 4]
71.5, bead, [66.0, 71.5, 74.0, 4]
74.0, exploits than, [69.0, 74.0, 79.0, 4]
74.0, florida top, [71.0, 74.0, 77.0, 4]
74.0, posluszny, [74.0, 74.0, 74.0, 9]
74.0, sentinel florida, [71.0, 74.0, 77.0, 4]
74.0, strath, [74.0, 74.0, 74.0, 5]
74.0, strath haven, [74.0, 74.0, 74.0, 5]
74.33333333333333, 850 yards, [68.0, 74.33333333333333, 81.0, 6]
78.5, 31 carries, [73.0, 78.5, 95.0, 4]
79.5, times-news, [76.0, 79.5, 83.0, 4]
83.0, cummings, [83.0, 83.0, 83.0, 4]
85.0, small schools, [85.0, 85.0, 85.0, 4]
85.5, harding, [76.0, 85.5, 95.0, 4]
86.0, buffalo grove, [86.0, 86.0, 86.0, 6]
86.5, star's dream, [78.0, 86.5, 95.0, 4]
87.0, fracture during, [76.0, 87.0, 97.0, 4]
87.57142857142857, scores vs, [73.0, 87.57142857142857, 97.0, 7]
88.25, 982, [83.0, 88.25, 100.0, 4]
89.0, network's, [81.0, 89.0, 97.0, 4]
90.0, lowery, [90.0, 90.0, 90.0, 4]
90.25, low-risk, [84.0, 90.25, 95.0, 4]
92.25, norwood, [91.0, 92.25, 96.0, 4]
93.0, derrick williams, [91.0, 93.0, 101.0, 5]
93.0, o, [84.0, 93.0, 96.0, 4]
93.0, perry walker, [84.0, 93.0, 96.0, 4]
93.0, walker high, [84.0, 93.0, 96.0, 4]
94.25, all-conference teams, [83.0, 94.25, 104.0, 4]
95.0, 19th among, [88.0, 95.0, 102.0, 4]
95.0, named all-league, [85.0, 95.0, 105.0, 4]
97.5, midwest", [95.0, 97.5, 100.0, 4]
97.5, midwest" list, [95.0, 97.5, 100.0, 4]
99.0, all-cif defensive, [99.0, 99.0, 99.0, 4]
100.0, oak creek, [100.0, 100.0, 100.0, 4]
100.25, offer him, [91.0, 100.25, 115.0, 4]
101.0, 7 class, [101.0, 101.0, 101.0, 4]
101.0, district 7, [101.0, 101.0, 101.0, 4]
101.25, since moving, [92.0, 101.25, 114.0, 4]
102.0, 907, [99.0, 102.0, 105.0, 4]
102.2, 1600-meter, [99.0, 102.2, 106.0, 5]
102.2, 1600-meter relays, [99.0, 102.2, 106.0, 5]
103.5, 40th, [102.0, 103.5, 105.0, 4]
103.5, ranked 40th, [102.0, 103.5, 105.0, 4]
104.0, advertiser all-state, [104.0, 104.0, 104.0, 4]
104.0, afa, [104.0, 104.0, 104.0, 4]
105.5, all-state all-district, [95.0, 105.5, 116.0, 4]
108.0, all-state receiver, [97.0, 108.0, 119.0, 4]
108.5, than 1800, [106.0, 108.5, 111.0, 4]
109.0, all-steel, [109.0, 109.0, 109.0, 4]
109.0, all-steel valley, [109.0, 109.0, 109.0, 4]
110.25, possesses nfl, [103.0, 110.25, 122.0, 4]
110.83333333333333, demon deacons, [96.0, 110.83333333333333, 118.0, 6]
111.57142857142857, beaumont, [105.0, 111.57142857142857, 121.0, 7]
112.0, press adding, [109.0, 112.0, 115.0, 4]
113.0, cabrillo, [113.0, 113.0, 113.0, 6]
113.0, cabrillo college, [113.0, 113.0, 113.0, 6]
113.0, junior championship, [113.0, 113.0, 113.0, 4]
113.0, nfl global, [113.0, 113.0, 113.0, 4]
113.0, ontario, [113.0, 113.0, 113.0, 9]
113.0, recorded 93, [109.0, 113.0, 117.0, 4]
113.0, team canada, [113.0, 113.0, 113.0, 4]
113.0, tomey, [113.0, 113.0, 113.0, 4]
113.8, deacons, [102.0, 113.8, 118.0, 5]
115.0, carolina all-stars, [115.0, 115.0, 115.0, 4]
115.0, first-team all-western, [106.0, 115.0, 124.0, 4]
118.0, 2002 aaa, [118.0, 118.0, 118.0, 4]
118.0, aaa coaches, [118.0, 118.0, 118.0, 4]
120.5, state during, [113.0, 120.5, 128.0, 4]
121.5, man gets, [117.0, 121.5, 129.0, 4]
123.25, usm, [121.0, 123.25, 130.0, 4]
124.0, taft, [124.0, 124.0, 124.0, 4]
125.0, sidbury, [125.0, 125.0, 125.0, 10]
127.5, archbishop, [120.0, 127.5, 135.0, 4]
127.5, archbishop rummel, [120.0, 127.5, 135.0, 4]
127.5, herald-leader "class, [127.0, 127.5, 128.0, 4]
128.0, manual, [128.0, 128.0, 128.0, 4]
128.75, bruised ribs, [126.0, 128.75, 135.0, 4]
130.0, rummel, [120.0, 130.0, 135.0, 6]
131.0, second-team all-city, [124.0, 131.0, 138.0, 4]
134.0, pollack, [134.0, 134.0, 134.0, 4]
135.5, 832, [128.0, 135.5, 143.0, 4]
136.0, muskegon, [136.0, 136.0, 136.0, 4]
137.0, 18-4a, [137.0, 137.0, 137.0, 4]
137.0, district 18-4a, [137.0, 137.0, 137.0, 4]
139.0, braymer, [139.0, 139.0, 139.0, 4]
140.25, adding all-area, [131.0, 140.25, 151.0, 8]
142.5, 717, [134.0, 142.5, 151.0, 4]
142.5, 717 yards, [134.0, 142.5, 151.0, 4]
143.25, physical running, [134.0, 143.25, 156.0, 4]
144.0, owl, [144.0, 144.0, 144.0, 4]
145.0, kaiser, [145.0, 145.0, 145.0, 4]
146.0, kiski, [146.0, 146.0, 146.0, 8]
146.0, kiski area, [146.0, 146.0, 146.0, 6]
146.0, sequoyah, [146.0, 146.0, 146.0, 4]
146.0, wpial, [146.0, 146.0, 146.0, 4]
146.75, 21 interceptions, [137.0, 146.75, 156.0, 4]
146.85714285714286, while throwing, [137.0, 146.85714285714286, 160.0, 7]
148.0, first-team fcs, [143.0, 148.0, 153.0, 4]
151.0, 2860, [151.0, 151.0, 151.0, 4]
151.0, all-district recognition, [151.0, 151.0, 151.0, 6]
151.0, pressures one, [151.0, 151.0, 151.0, 4]
151.4, 3 prospect, [143.0, 151.4, 159.0, 5]
154.5, 152 tackles, [143.0, 154.5, 167.0, 4]
156.5, west list, [156.0, 156.5, 157.0, 4]
158.0, powerful blocker, [151.0, 158.0, 162.0, 4]
158.0, prep number, [158.0, 158.0, 158.0, 4]
158.0, press number, [158.0, 158.0, 158.0, 4]
160.0, oakland athletic, [160.0, 160.0, 160.0, 4]
161.0, 6-aa, [161.0, 161.0, 161.0, 4]
161.0, monmouth, [161.0, 161.0, 161.0, 4]
161.0, region 6-aa, [161.0, 161.0, 161.0, 4]
162.0, national media, [157.0, 162.0, 168.0, 4]
163.5, reds, [156.0, 163.5, 171.0, 4]
164.5, team 100, [157.0, 164.5, 172.0, 4]
165.0, john's, [165.0, 165.0, 165.0, 4]
166.0, tolleson, [166.0, 166.0, 166.0, 4]
167.0, denton, [167.0, 167.0, 167.0, 4]
167.2, kickoff specialist, [161.0, 167.2, 177.0, 5]
169.5, career scoring, [158.0, 169.5, 178.0, 4]
169.5, kicking chores, [164.0, 169.5, 178.0, 4]
171.0, alex smith, [171.0, 171.0, 171.0, 4]
171.0, bellaire, [171.0, 171.0, 171.0, 4]
172.0, 81 touchdowns, [171.0, 172.0, 173.0, 4]
172.0, prep season, [162.0, 172.0, 186.0, 4]
173.33333333333334, uprights, [166.0, 173.33333333333334, 177.0, 6]
173.5, state's defensive, [166.0, 173.5, 181.0, 4]
175.0, played nose, [163.0, 175.0, 187.0, 4]
175.0, started 21, [167.0, 175.0, 191.0, 4]
179.0, former wolverine, [179.0, 179.0, 179.0, 4]
179.0, indoor state, [179.0, 179.0, 179.0, 4]
184.0, east yosemite, [184.0, 184.0, 184.0, 4]
184.0, yosemite, [184.0, 184.0, 184.0, 6]
184.0, yosemite league, [184.0, 184.0, 184.0, 6]
185.0, northeast mississippi, [180.0, 185.0, 190.0, 4]
185.5, league title, [184.0, 185.5, 187.0, 4]
187.25, all-nebraska, [176.0, 187.25, 197.0, 4]
189.5, assists three, [180.0, 189.5, 199.0, 4]
193.0, citizen, [185.0, 193.0, 201.0, 4]
193.0, dar, [185.0, 193.0, 201.0, 4]
193.6, honorary, [180.0, 193.6, 197.0, 5]
193.6, honorary captain, [180.0, 193.6, 197.0, 5]
194.0, all-spsl, [194.0, 194.0, 194.0, 4]
196.75, baseball basketball, [192.0, 196.75, 204.0, 4]
200.0, junior along, [198.0, 200.0, 202.0, 4]
200.5, rhodes, [194.0, 200.5, 207.0, 4]
202.0, games 47, [202.0, 202.0, 202.0, 4]
203.0, omaha, [197.0, 203.0, 212.0, 4]
211.0, garnered all-state, [204.0, 211.0, 218.0, 4]
213.0, x los, [213.0, 213.0, 213.0, 4]
214.0, norcross, [214.0, 214.0, 214.0, 4]
218.0, cadets, [218.0, 218.0, 218.0, 4]
219.0, demons, [219.0, 219.0, 219.0, 4]
219.25, foot stress, [217.0, 219.25, 226.0, 4]
224.0, chabot, [224.0, 224.0, 224.0, 5]
227.0, 2631, [227.0, 227.0, 227.0, 4]
227.0, 2631 yards, [227.0, 227.0, 227.0, 4]
228.0, cedar, [225.0, 228.0, 237.0, 4]
230.0, turbin, [230.0, 230.0, 230.0, 4]
233.0, grace prep, [233.0, 233.0, 233.0, 4]
234.0, roethlisberger, [234.0, 234.0, 234.0, 4]
234.5, routes rather, [224.0, 234.5, 248.0, 4]
236.5, oil bowl, [228.0, 236.5, 245.0, 4]
241.0, military college:, [238.0, 241.0, 244.0, 4]
242.4, comments, [236.0, 242.4, 244.0, 5]
246.0, plantar, [243.0, 246.0, 247.0, 4]
248.0, weber said, [248.0, 248.0, 248.0, 7]
250.0, all-virginia, [250.0, 250.0, 250.0, 4]
250.0, lynchburg, [250.0, 250.0, 250.0, 5]
