3.3333333333333335, both scoutcom, [1.0, 3.3333333333333335, 8.0, 6]
6.533333333333333, 1 top, [1.0, 6.533333333333333, 18.0, 15]
7.285714285714286, top-five, [2.0, 7.285714285714286, 16.0, 7]
7.666666666666667, herschel, [4.0, 7.666666666666667, 12.0, 6]
7.666666666666667, herschel walker, [4.0, 7.666666666666667, 12.0, 6]
10.333333333333334, register all-orange, [5.0, 10.333333333333334, 21.0, 6]
14.0, lineman mvp, [7.0, 14.0, 28.0, 6]
15.6, cavaliers, [2.0, 15.6, 45.0, 5]
16.0, all-scc, [16.0, 16.0, 16.0, 6]
16.0, aurora, [16.0, 16.0, 16.0, 5]
16.0, tri-city, [16.0, 16.0, 16.0, 6]
16.5, him over, [3.0, 16.5, 38.0, 6]
17.0, grandview, [17.0, 17.0, 17.0, 6]
17.166666666666668, losses two, [5.0, 17.166666666666668, 44.0, 6]
17.4, 1 --name--, [9.0, 17.4, 33.0, 5]
17.666666666666668, all-metro team, [11.0, 17.666666666666668, 25.0, 6]
17.666666666666668, second-team all-cif, [5.0, 17.666666666666668, 27.0, 6]
18.333333333333332, practices leading, [7.0, 18.333333333333332, 39.0, 6]
18.428571428571427, shore, [6.0, 18.428571428571427, 27.0, 7]
18.666666666666668, 15 cal-hi, [7.0, 18.666666666666668, 28.0, 6]
18.666666666666668, all-state all-cif, [7.0, 18.666666666666668, 28.0, 6]
18.666666666666668, county first-team, [5.0, 18.666666666666668, 30.0, 6]
18.666666666666668, news hot, [7.0, 18.666666666666668, 28.0, 6]
19.0, day 1, [8.0, 19.0, 36.0, 6]
20.6, natural running, [4.0, 20.6, 34.0, 5]
21.0, division vi, [21.0, 21.0, 21.0, 6]
21.0, marcos, [21.0, 21.0, 21.0, 6]
21.0, san marcos, [21.0, 21.0, 21.0, 6]
23.333333333333332, top linebacker, [2.0, 23.333333333333332, 48.0, 6]
23.4, 2013 nfl, [10.0, 23.4, 47.0, 5]
24.0, mobile register's, [4.0, 24.0, 44.0, 6]
24.0, register's, [4.0, 24.0, 44.0, 6]
25.166666666666668, hurdler, [2.0, 25.166666666666668, 48.0, 6]
25.2, fourth-best prospect, [7.0, 25.2, 54.0, 5]
26.2, fifth-best season, [8.0, 26.2, 53.0, 5]
27.6, consensus freshman, [4.0, 27.6, 44.0, 5]
28.0, four quarters, [17.0, 28.0, 45.0, 5]
28.0, included seven, [24.0, 28.0, 32.0, 5]
29.0, lemming top, [9.0, 29.0, 48.0, 10]
29.833333333333332, first-team squads, [21.0, 29.833333333333332, 39.0, 6]
31.6, overall talent, [6.0, 31.6, 46.0, 5]
32.0, 13-1 record, [22.0, 32.0, 42.0, 5]
32.2, screw, [10.0, 32.2, 55.0, 5]
32.2, spurning, [20.0, 32.2, 47.0, 5]
32.4, disruptive penetrating, [13.0, 32.4, 57.0, 5]
33.333333333333336, sean taylor, [25.0, 33.333333333333336, 51.0, 6]
34.8, 1992, [9.0, 34.8, 56.0, 5]
35.2, lowe's, [21.0, 35.2, 50.0, 5]
35.2, lowe's senior, [21.0, 35.2, 50.0, 5]
36.2, 2011 played, [15.0, 36.2, 53.0, 5]
37.4, terrance, [22.0, 37.4, 52.0, 5]
37.8, 50/50 throws, [18.0, 37.8, 58.0, 5]
38.6, last past, [21.0, 38.6, 65.0, 5]
39.857142857142854, elite defensive, [18.0, 39.857142857142854, 67.0, 7]
40.666666666666664, five-star rating, [8.0, 40.666666666666664, 57.0, 6]
41.0, fort wayne, [41.0, 41.0, 41.0, 7]
41.6, or defensive, [18.0, 41.6, 65.0, 5]
41.8, running threat, [8.0, 41.8, 57.0, 5]
43.8, also appeared, [26.0, 43.8, 61.0, 5]
45.0, kauai, [45.0, 45.0, 45.0, 5]
45.0, kif, [45.0, 45.0, 45.0, 6]
45.6, team's second-leading, [34.0, 45.6, 76.0, 5]
45.8, named usa, [38.0, 45.8, 56.0, 5]
46.0, 25 contests, [13.0, 46.0, 62.0, 5]
46.4, godfrey, [17.0, 46.4, 66.0, 5]
46.6, back surgery, [23.0, 46.6, 58.0, 5]
47.4, school wrestler, [27.0, 47.4, 72.0, 5]
47.6, settle underneath, [30.0, 47.6, 73.0, 5]
47.666666666666664, federation, [45.0, 47.666666666666664, 49.0, 6]
47.666666666666664, interscholastic federation, [45.0, 47.666666666666664, 49.0, 6]
48.0, hand extension, [24.0, 48.0, 66.0, 5]
48.4, cu, [45.0, 48.4, 62.0, 5]
49.8, corona, [13.0, 49.8, 59.0, 5]
50.4, against receivers, [20.0, 50.4, 62.0, 5]
52.2, 'big, [49.0, 52.2, 65.0, 5]
52.8, 62-yard, [30.0, 52.8, 73.0, 5]
53.6, 142-yard, [41.0, 53.6, 80.0, 5]
53.6, yards 142-yard, [41.0, 53.6, 80.0, 5]
54.0, all-metro north, [54.0, 54.0, 54.0, 6]
57.0, stabbed, [57.0, 57.0, 57.0, 5]
58.4, interceptions nine, [43.0, 58.4, 64.0, 5]
59.0, 419, [46.0, 59.0, 74.0, 5]
60.2, junior championships, [34.0, 60.2, 78.0, 5]
61.6, up tackles, [39.0, 61.6, 88.0, 5]
63.0, 700 yards, [48.0, 63.0, 82.0, 6]
65.66666666666667, all-broward, [63.0, 65.66666666666667, 71.0, 6]
65.66666666666667, all-dade, [60.0, 65.66666666666667, 81.0, 6]
65.66666666666667, all-dade county, [60.0, 65.66666666666667, 81.0, 6]
65.66666666666667, florida times, [60.0, 65.66666666666667, 77.0, 6]
66.0, 19 kickoff, [42.0, 66.0, 86.0, 5]
66.0, delaware state, [66.0, 66.0, 66.0, 5]
66.0, norfolk state, [66.0, 66.0, 66.0, 5]
66.4, edsall, [63.0, 66.4, 80.0, 5]
69.33333333333333, 234, [53.0, 69.33333333333333, 86.0, 6]
70.0, changed his, [51.0, 70.0, 94.0, 5]
71.4, second-level defender, [48.0, 71.4, 95.0, 5]
71.8, worn down, [49.0, 71.8, 94.0, 5]
72.66666666666667, county selection, [57.0, 72.66666666666667, 97.0, 6]
74.0, posluszny, [74.0, 74.0, 74.0, 9]
74.0, strath, [74.0, 74.0, 74.0, 5]
74.0, strath haven, [74.0, 74.0, 74.0, 5]
74.33333333333333, 850 yards, [68.0, 74.33333333333333, 81.0, 6]
75.8, broken bones, [59.0, 75.8, 107.0, 5]
75.8, productive performer, [52.0, 75.8, 96.0, 5]
76.8, injuries have, [56.0, 76.8, 98.0, 5]
78.4, quickness than, [54.0, 78.4, 99.0, 5]
80.42857142857143, 850, [68.0, 80.42857142857143, 117.0, 7]
80.6, rimington award, [71.0, 80.6, 107.0, 5]
84.6, route refinement, [61.0, 84.6, 106.0, 5]
84.83333333333333, underwent shoulder, [73.0, 84.83333333333333, 114.0, 6]
85.0, today first-team, [75.0, 85.0, 103.0, 5]
86.0, buffalo grove, [86.0, 86.0, 86.0, 6]
87.57142857142857, scores vs, [73.0, 87.57142857142857, 97.0, 7]
88.0, declaring, [64.0, 88.0, 112.0, 5]
88.6, zone coverage?s, [71.0, 88.6, 111.0, 5]
91.33333333333333, news daily, [72.0, 91.33333333333333, 118.0, 6]
92.2, 15 punt, [68.0, 92.2, 117.0, 5]
92.2, off-field incident, [74.0, 92.2, 100.0, 5]
93.0, derrick williams, [91.0, 93.0, 101.0, 5]
97.4, want but, [76.0, 97.4, 125.0, 5]
101.0, receiver had, [86.0, 101.0, 119.0, 5]
102.2, 1600-meter, [99.0, 102.2, 106.0, 5]
102.2, 1600-meter relays, [99.0, 102.2, 106.0, 5]
102.66666666666667, daily press, [72.0, 102.66666666666667, 118.0, 6]
102.66666666666667, press all-star, [72.0, 102.66666666666667, 118.0, 6]
108.0, 400-, [79.0, 108.0, 128.0, 6]
108.4, 48 receptions, [87.0, 108.4, 126.0, 5]
108.8, 37th-best, [92.0, 108.8, 124.0, 5]
110.8, pcl, [89.0, 110.8, 132.0, 5]
110.83333333333333, demon deacons, [96.0, 110.83333333333333, 118.0, 6]
111.4, southeast texas, [73.0, 111.4, 121.0, 5]
111.57142857142857, beaumont, [105.0, 111.57142857142857, 121.0, 7]
113.0, cabrillo, [113.0, 113.0, 113.0, 6]
113.0, cabrillo college, [113.0, 113.0, 113.0, 6]
113.0, ontario, [113.0, 113.0, 113.0, 9]
113.8, deacons, [102.0, 113.8, 118.0, 5]
114.8, duties ranking, [86.0, 114.8, 128.0, 5]
116.6, tough interception, [93.0, 116.6, 134.0, 5]
118.2, ridge, [103.0, 118.2, 131.0, 5]
120.83333333333333, works team, [98.0, 120.83333333333333, 147.0, 6]
122.2, all-mwc first-team, [104.0, 122.2, 137.0, 5]
125.0, sidbury, [125.0, 125.0, 125.0, 10]
130.0, rummel, [120.0, 130.0, 135.0, 6]
130.2, than five, [117.0, 130.2, 164.0, 5]
135.4, press man, [106.0, 135.4, 154.0, 5]
136.66666666666666, region ii, [123.0, 136.66666666666666, 164.0, 6]
137.6, approached, [123.0, 137.6, 155.0, 5]
140.25, adding all-area, [131.0, 140.25, 151.0, 8]
140.6, two-star prospect, [113.0, 140.6, 162.0, 5]
145.2, stockton, [126.0, 145.2, 174.0, 5]
146.0, kiski, [146.0, 146.0, 146.0, 8]
146.0, kiski area, [146.0, 146.0, 146.0, 6]
146.85714285714286, while throwing, [137.0, 146.85714285714286, 160.0, 7]
149.8, excellent instincts, [126.0, 149.8, 166.0, 5]
151.0, all-district recognition, [151.0, 151.0, 151.0, 6]
151.4, 3 prospect, [143.0, 151.4, 159.0, 5]
156.2, returning four, [147.0, 156.2, 183.0, 5]
157.0, throwing hand, [137.0, 157.0, 178.0, 5]
157.0, which results, [138.0, 157.0, 175.0, 5]
157.66666666666666, downed, [142.0, 157.66666666666666, 168.0, 6]
157.66666666666666, downed inside, [142.0, 157.66666666666666, 168.0, 6]
158.4, distractions, [131.0, 158.4, 178.0, 5]
160.0, posting six, [138.0, 160.0, 175.0, 5]
161.16666666666666, southern conference, [142.0, 161.16666666666666, 177.0, 6]
161.2, dawson, [144.0, 161.2, 176.0, 5]
162.14285714285714, guy award, [142.0, 162.14285714285714, 179.0, 7]
162.875, ray guy, [142.0, 162.875, 179.0, 8]
163.75, net average, [142.0, 163.75, 168.0, 8]
164.4, complementary back, [138.0, 164.4, 186.0, 5]
165.2, ranked 51st, [138.0, 165.2, 181.0, 5]
166.4, 100m, [153.0, 166.4, 184.0, 5]
167.2, kickoff specialist, [161.0, 167.2, 177.0, 5]
167.2, then switched, [151.0, 167.2, 195.0, 5]
169.16666666666666, mary's, [139.0, 169.16666666666666, 179.0, 6]
170.0, two-step, [159.0, 170.0, 191.0, 5]
170.2, ivy, [158.0, 170.2, 207.0, 5]
170.2, ivy league, [158.0, 170.2, 207.0, 5]
172.8, went down, [159.0, 172.8, 187.0, 5]
173.33333333333334, uprights, [166.0, 173.33333333333334, 177.0, 6]
180.0, wrong foot, [156.0, 180.0, 198.0, 5]
180.8, directional punting, [164.0, 180.8, 192.0, 5]
183.0, 4x100 meter, [166.0, 183.0, 204.0, 5]
183.42857142857142, earned all-league, [162.0, 183.42857142857142, 204.0, 7]
184.0, yosemite, [184.0, 184.0, 184.0, 6]
184.0, yosemite league, [184.0, 184.0, 184.0, 6]
186.0, golf, [172.0, 186.0, 207.0, 5]
193.6, honorary, [180.0, 193.6, 197.0, 5]
193.6, honorary captain, [180.0, 193.6, 197.0, 5]
201.66666666666666, play'-action, [183.0, 201.66666666666666, 222.0, 6]
203.2, 37 touchdowns, [179.0, 203.2, 228.0, 5]
206.2, medium-range, [196.0, 206.2, 223.0, 5]
206.2, short-, [196.0, 206.2, 223.0, 5]
209.0, moines register, [188.0, 209.0, 237.0, 6]
224.0, chabot, [224.0, 224.0, 224.0, 5]
236.8, weber, [204.0, 236.8, 248.0, 10]
242.4, comments, [236.0, 242.4, 244.0, 5]
248.0, weber said, [248.0, 248.0, 248.0, 7]
250.0, lynchburg, [250.0, 250.0, 250.0, 5]
